6 34
0 79 43
0 18 44
0 25 78
0 55 4
0 77 89
0 33 64
0 11 90
0 1 8
0 39 59
0 46 17
0 43 36
0 10 81
0 2 14
0 79 35
0 19 89
0 50 48
0 76 47
0 60 97
0 86 64
0 9 15
1 100 96
1 62 50
1 56 32
1 61 34
1 44 63
1 22 31
1 83 74
1 30 52
1 19 18
1 75 61
1 75 38
1 22 84
1 65 86
1 75 59
1 42 76
1 21 17
1 4 6
1 37 3
1 29 1
2 100 31
2 98 71
2 70 56
2 83 97
2 81 6
2 22 60
2 2 56
2 28 22
2 38 67
2 11 37
2 40 90
2 19 67
2 95 16
2 83 76
2 19 3
2 45 67
2 92 46
2 80 57
3 63 70
3 15 91
3 38 37
3 89 17
3 96 94
3 10 20
3 38 46
3 29 91
3 0 95
3 4 12
3 0 46
3 15 98
3 12 74
3 50 40
3 33 4
3 70 32
3 32 59
3 94 3
3 20 38
3 16 8
3 28 11
3 71 39
3 24 53
3 14 77
3 15 16
3 48 35
3 59 8
3 61 15
3 32 16
3 23 2
4 52 17
4 41 71
4 73 23
4 2 13
4 65 30
4 55 74
4 69 67
4 99 51
4 8 95
4 59 30
4 84 32
4 41 84
4 22 62
4 52 43
4 57 81
4 61 97
4 98 46
4 12 29
5 31 27
5 95 19
5 88 83
5 51 58
5 7 98
5 0 37
5 74 16
5 89 64
5 88 3
5 16 70
5 23 63
5 64 84
5 48 60
5 51 100
5 4 100
5 20 10
5 89 22
5 64 94

