69 98
0 23 11
0 14 31
0 66 55
0 95 41
0 87 21
0 54 92
0 52 41
0 76 47
0 70 75
0 4 52
0 97 53
0 19 67
0 77 43
0 34 98
0 100 51
0 35 63
0 86 14
0 54 81
0 43 70
0 18 35
0 3 79
0 87 44
0 23 67
0 80 84
0 45 71
0 53 95
0 42 95
0 69 54
0 53 48
0 9 20
0 72 99
0 94 45
0 31 22
0 90 17
0 92 52
0 46 74
0 3 52
0 3 44
0 79 36
0 34 95
0 93 56
0 58 23
0 2 6
0 98 34
0 67 3
0 88 13
0 33 20
0 12 92
0 81 82
0 36 13
0 65 85
0 72 13
0 54 38
0 97 32
0 0 39
0 64 65
0 42 53
0 6 65
0 61 35
0 37 27
0 38 95
0 28 73
0 85 54
0 30 61
0 24 20
0 8 5
0 14 17
0 59 49
0 27 5
0 24 81
0 67 45
0 52 75
0 31 62
0 28 13
0 28 28
0 78 85
0 81 76
0 23 41
0 40 89
1 9 70
1 98 37
1 81 58
1 48 45
1 32 92
1 26 52
1 42 52
1 9 33
1 79 54
2 41 67
2 19 21
2 2 52
2 48 39
2 44 33
2 85 100
2 38 37
2 77 8
2 41 57
2 25 82
2 19 99
2 65 69
2 37 74
2 45 34
2 59 34
2 27 87
2 76 63
2 74 42
2 46 99
2 100 32
2 99 71
2 30 82
2 0 90
2 39 96
2 14 7
2 86 33
2 5 9
2 3 51
3 68 80
3 33 42
3 28 50
4 19 23
4 51 93
4 24 68
4 15 82
4 40 61
4 16 53
4 44 56
4 62 28
4 20 34
4 83 17
4 70 48
4 48 19
4 13 61
4 53 78
4 83 61
4 52 51
4 95 30
4 66 1
4 96 7
4 36 72
4 97 97
4 20 76
4 82 25
4 45 100
4 3 4
4 61 77
4 92 98
4 45 33
4 73 92
4 30 88
4 64 20
4 21 99
4 14 89
4 32 6
4 36 70
4 95 21
4 38 73
4 57 97
4 19 21
4 21 97
4 66 73
4 56 37
4 2 24
4 86 70
4 93 10
4 59 40
4 18 45
4 90 22
4 43 55
4 35 20
4 71 31
4 10 85
4 59 13
4 100 34
4 65 27
4 43 2
4 35 99
4 36 90
4 85 23
4 88 91
4 65 78
4 85 44
4 37 94
4 12 4
4 76 24
4 64 4
4 2 88
4 50 46
4 77 67
4 66 36
4 61 81
4 91 6
4 27 34
4 95 46
4 54 33
4 18 66
4 20 96
4 8 16
4 22 100
4 77 77
4 75 28
4 69 38
4 46 98
4 82 44
5 17 52
5 18 22
5 5 57
5 76 64
5 68 98
5 22 80
5 35 86
5 19 19
5 93 9
5 89 41
5 45 18
5 26 25
5 7 19
5 22 51
5 64 40
5 12 93
5 47 44
5 43 75
5 50 27
5 58 17
5 83 81
5 18 1
5 66 16
5 44 56
5 60 46
5 18 32
5 96 52
5 39 66
5 81 49
5 97 19
5 49 15
5 75 34
5 87 19
5 53 59
5 40 89
5 44 82
5 14 9
5 34 58
5 77 93
5 86 44
5 63 8
5 21 48
5 13 89
5 20 95
5 94 24
5 86 78
5 76 93
5 85 76
5 18 57
5 43 49
5 70 46
5 58 89
5 15 6
5 5 79
5 66 88
5 10 69
5 53 34
5 2 94
5 85 8
5 49 17
5 77 43
5 46 13
5 54 24
5 5 24
5 95 35
5 73 90
5 64 17
5 39 68
6 10 97
6 74 21
6 9 84
6 73 2
6 9 70
6 28 3
6 20 58
6 75 67
6 77 14
6 88 6
6 85 49
6 17 60
6 58 60
6 15 90
6 14 33
6 17 81
6 37 9
6 65 29
6 11 92
6 50 71
6 41 59
6 3 49
6 68 24
6 54 50
6 80 61
6 49 30
6 63 42
6 89 78
6 86 91
6 72 50
6 44 7
6 26 55
6 70 61
6 60 25
6 1 2
6 45 78
6 89 25
6 63 37
6 7 91
6 28 21
6 47 40
6 84 83
6 98 87
6 55 67
6 54 53
6 100 56
6 58 42
6 95 33
6 28 53
6 99 70
6 53 14
6 78 19
6 17 18
6 30 4
6 4 59
6 85 12
6 67 75
6 48 18
6 64 70
6 14 18
6 16 74
6 50 43
6 16 60
6 60 29
6 17 33
6 85 13
6 10 84
6 51 8
6 35 36
6 31 24
6 59 11
6 2 19
6 8 25
6 61 22
6 65 30
6 1 62
6 11 39
6 31 97
6 72 28
6 75 43
6 95 10
6 95 8
6 25 3
6 19 20
6 60 3
6 73 98
6 100 48
6 13 93
6 18 84
6 97 99
6 6 12
6 67 40
6 96 92
7 72 73
7 75 65
7 24 58
8 8 78
8 4 6
8 0 55
8 19 19
8 73 52
8 66 25
8 48 46
8 93 20
8 99 5
8 89 83
8 68 57
8 59 77
8 45 9
8 53 67
8 92 86
8 35 77
8 88 30
8 25 75
8 69 29
8 70 50
9 65 79
9 60 71
9 96 50
9 99 71
9 18 49
9 90 1
9 82 51
9 42 35
9 31 27
9 50 62
9 90 98
9 11 83
9 23 36
9 33 79
9 82 66
9 74 76
9 100 37
9 25 49
9 34 22
9 18 82
9 30 55
9 30 52
9 88 53
9 72 56
9 40 82
9 9 17
9 61 23
9 75 51
9 92 99
9 93 81
9 13 34
9 61 18
9 73 35
9 44 23
9 7 84
9 62 93
9 13 8
9 6 43
9 69 96
10 94 90
10 14 59
10 3 95
10 60 24
10 85 88
10 93 52
10 45 44
10 23 73
10 28 42
10 88 23
10 69 41
10 67 98
10 47 22
10 72 50
10 75 21
10 31 47
10 21 69
11 46 53
11 53 92
11 3 36
11 20 45
11 63 41
11 49 82
11 56 59
11 100 40
11 15 99
11 21 96
11 73 27
11 20 63
11 3 6
11 26 28
11 85 86
11 22 52
11 38 52
11 36 51
11 46 17
11 53 32
11 72 10
11 44 92
11 16 45
11 47 25
11 75 67
11 58 86
11 94 23
11 93 73
11 70 44
11 91 35
11 41 3
11 81 99
11 15 30
11 1 54
11 4 72
11 39 86
11 90 45
11 3 10
11 99 52
11 97 14
11 77 80
11 54 36
11 8 35
11 54 7
11 3 45
11 43 75
11 21 100
11 93 7
11 7 16
11 40 89
11 65 11
11 46 62
11 43 11
11 33 97
11 82 63
11 3 94
11 43 83
11 21 45
11 35 33
11 76 88
11 0 41
11 44 21
11 62 8
11 96 78
11 82 99
11 73 81
11 94 43
11 57 64
11 59 15
11 36 25
11 35 19
11 46 94
11 74 16
11 88 76
11 32 74
11 22 93
11 34 43
11 79 31
11 47 77
11 8 84
11 20 90
11 68 31
11 66 63
11 0 97
11 96 85
11 76 8
11 26 44
11 86 32
11 62 30
11 33 14
11 44 57
11 20 16
11 53 44
11 58 33
11 56 84
12 33 38
12 76 52
12 93 46
13 21 30
13 1 18
13 68 50
13 4 90
13 12 17
13 10 37
13 36 76
13 83 97
13 54 99
13 15 29
13 60 70
13 18 54
13 33 49
13 99 49
13 94 86
13 19 30
13 49 71
13 71 27
13 39 20
13 86 42
13 12 98
13 77 16
13 45 7
13 2 92
13 39 92
13 30 74
13 0 55
13 14 69
13 17 29
13 48 49
13 97 95
13 47 91
13 32 41
13 24 43
13 45 62
13 12 53
13 37 26
13 36 66
13 78 88
13 79 38
13 18 95
13 15 39
13 84 5
13 51 22
13 92 46
13 72 44
13 47 66
13 29 52
13 73 51
13 66 2
13 13 28
13 72 77
13 68 39
13 8 22
13 58 64
13 74 25
13 55 62
13 59 42
14 67 36
14 98 97
14 82 60
14 90 8
14 15 9
14 71 94
14 69 20
14 53 3
14 54 10
14 62 58
14 35 52
14 62 28
14 76 45
14 39 94
14 29 90
14 38 90
14 61 98
14 60 10
14 91 36
14 76 33
14 79 25
14 25 78
14 16 9
14 44 19
14 36 76
14 61 79
14 60 22
14 77 94
14 78 30
14 36 1
14 51 64
14 54 52
14 96 20
14 34 49
14 32 86
14 87 43
14 46 43
14 88 1
14 37 25
14 50 38
14 61 81
15 15 81
15 17 98
15 82 23
15 12 85
15 89 35
15 60 7
15 11 23
15 4 93
15 79 13
15 17 76
15 71 84
15 84 44
15 74 12
15 68 27
15 84 58
15 31 83
15 0 46
15 6 14
15 94 35
15 76 43
15 75 2
15 13 29
15 36 96
15 25 78
15 3 82
15 89 2
15 69 40
15 16 46
15 17 9
15 47 85
15 66 23
15 50 14
15 77 6
15 14 79
15 33 71
15 39 64
15 34 30
15 81 17
16 94 34
16 85 24
16 12 71
16 63 46
16 97 20
16 67 100
16 4 88
16 19 4
16 85 22
16 51 92
16 18 55
16 66 29
16 31 80
16 54 97
16 62 69
16 42 34
16 22 24
16 1 64
16 38 54
16 5 60
16 19 40
16 36 88
16 66 2
16 9 100
16 42 10
16 46 32
16 83 79
16 8 27
16 73 41
16 29 84
16 97 12
16 36 100
16 11 59
16 47 15
16 73 80
16 66 61
16 76 37
16 46 60
16 6 42
16 43 90
16 23 84
16 42 25
16 98 77
16 33 13
16 68 59
16 6 27
16 64 48
16 74 76
16 55 63
16 52 97
16 49 93
16 44 96
16 93 71
16 9 50
16 47 74
16 50 35
16 29 89
16 77 93
16 24 37
16 57 19
16 92 77
16 82 79
16 40 53
17 42 34
17 99 24
17 73 12
17 5 92
17 44 39
17 17 27
17 5 66
17 4 79
17 62 85
17 21 24
17 78 55
17 93 8
17 63 69
17 90 87
17 47 78
17 60 68
17 13 31
17 74 91
17 48 54
17 49 82
17 56 1
17 30 15
17 41 34
17 61 38
17 99 11
17 97 99
17 71 62
17 19 12
17 46 46
17 24 1
17 34 87
17 7 24
17 72 77
17 69 60
17 88 94
17 63 11
17 59 66
17 64 15
17 87 92
17 11 84
17 94 62
17 54 53
17 33 90
17 23 10
17 28 34
17 15 59
17 4 18
17 17 73
17 98 31
17 89 17
18 7 28
18 62 53
18 9 65
18 73 82
18 79 21
18 93 73
18 16 53
18 13 65
18 100 89
18 52 55
18 87 95
18 44 23
18 78 66
18 84 48
18 75 71
18 77 67
18 68 10
18 97 97
18 64 61
18 82 90
18 82 80
18 43 19
18 68 11
18 37 63
18 82 12
18 48 25
18 6 41
18 23 53
18 78 6
18 19 5
18 69 42
18 21 36
18 49 26
18 34 38
18 84 2
18 15 58
18 74 91
18 68 70
18 78 95
18 45 35
18 61 3
18 39 53
18 26 75
18 23 49
18 11 27
18 72 30
18 90 36
18 51 45
18 36 35
18 7 8
18 19 89
18 98 88
18 8 71
18 86 89
18 88 70
18 22 13
18 49 51
18 78 79
18 21 68
18 29 22
18 68 51
18 82 7
18 42 75
18 13 60
18 97 3
18 32 35
18 18 3
18 55 88
18 90 2
18 64 11
18 53 10
18 45 99
18 47 30
18 50 74
18 46 53
18 25 4
19 51 81
19 83 97
19 62 12
19 86 74
19 90 76
19 77 6
19 46 38
19 68 65
19 52 96
19 44 91
19 55 84
19 3 85
19 39 35
19 57 14
19 13 6
19 75 49
19 53 95
19 8 36
19 9 83
19 94 81
19 64 44
19 5 22
19 10 40
19 83 48
19 80 51
19 99 90
19 72 75
19 93 80
19 7 59
19 92 72
19 88 93
19 88 70
19 96 7
19 33 76
19 27 85
19 96 91
19 26 17
19 76 92
19 42 35
19 64 83
19 96 7
19 11 69
19 10 2
19 30 13
19 29 35
19 28 39
19 97 19
19 20 42
19 9 3
19 22 14
19 34 26
19 63 90
19 79 25
19 30 42
19 91 45
19 69 31
19 60 56
19 74 43
19 50 26
19 58 58
19 65 100
19 74 53
19 50 93
19 97 29
19 6 13
19 88 88
19 84 44
19 2 92
19 55 82
19 8 36
19 35 20
19 15 20
19 91 3
19 16 39
19 15 72
19 42 44
19 94 8
19 10 49
19 45 37
19 7 57
19 0 82
19 67 86
19 64 89
19 36 84
19 99 28
19 77 79
19 59 40
19 92 29
19 32 24
19 14 43
19 59 74
19 100 92
19 55 49
19 45 39
19 93 3
19 74 18
19 26 30
20 25 86
20 16 72
20 10 37
20 51 36
20 92 91
20 25 56
20 19 65
20 65 70
20 40 2
20 49 63
20 68 79
20 70 4
20 8 89
20 39 16
20 39 41
20 64 68
20 1 94
20 40 62
20 27 44
20 22 40
20 15 12
20 68 43
20 21 78
20 47 90
20 75 34
21 34 31
21 76 70
21 83 14
21 77 7
21 74 37
21 19 20
21 27 73
21 4 90
21 36 58
21 27 53
21 9 54
21 32 1
21 34 74
21 1 56
21 44 49
21 45 54
21 4 40
21 82 43
21 89 60
21 64 4
21 13 50
21 76 27
21 89 12
21 11 85
21 10 51
21 90 32
21 34 44
21 71 4
21 22 78
21 43 97
21 18 26
21 75 50
21 12 99
21 51 79
21 21 4
21 79 41
21 60 5
21 9 94
21 93 70
21 61 29
21 43 40
21 75 21
21 88 6
21 100 89
21 39 25
21 20 98
21 76 56
21 7 2
21 44 19
21 98 33
21 65 41
21 68 74
21 56 82
21 16 54
21 51 96
21 57 65
22 72 21
22 35 10
22 9 53
22 48 1
22 3 18
22 64 38
22 58 8
22 2 65
22 8 95
22 22 35
22 82 21
22 8 49
22 95 61
22 54 34
22 70 96
22 64 73
22 13 30
22 14 83
22 68 53
22 100 84
22 15 69
22 40 30
22 28 42
22 19 19
22 32 87
22 39 78
22 28 66
22 85 77
22 32 99
22 76 22
22 28 81
22 72 50
22 30 73
22 53 19
22 70 28
22 29 83
22 66 88
22 8 44
22 23 8
22 42 63
22 93 72
22 54 37
22 38 18
22 44 92
22 85 10
22 3 40
22 0 21
22 55 3
22 10 9
22 10 87
22 97 51
22 24 31
22 46 38
22 96 52
22 26 60
22 60 20
22 39 85
22 37 76
22 65 14
22 74 96
22 9 7
22 80 2
22 49 27
22 76 89
22 18 68
22 5 15
22 49 46
22 27 63
22 74 23
22 1 41
22 19 54
22 11 92
22 51 70
22 23 65
22 60 18
22 48 83
22 13 98
22 61 72
22 22 33
22 5 24
22 38 24
22 22 99
22 62 99
22 31 92
22 64 12
22 26 48
22 72 85
22 76 65
22 80 100
22 31 70
22 82 59
22 44 3
22 98 66
22 83 86
22 20 13
22 98 73
22 96 74
22 25 75
23 41 17
23 97 37
23 59 16
23 58 59
23 77 13
23 11 48
23 42 14
23 83 70
23 68 15
23 18 61
23 56 78
23 52 12
23 77 41
23 25 60
23 36 5
23 53 87
23 19 52
23 98 25
23 17 9
23 77 38
23 30 61
23 71 94
23 80 64
23 74 89
23 30 31
23 12 75
23 0 3
23 26 86
23 11 28
23 61 58
23 4 26
23 1 20
23 68 29
23 60 36
23 64 40
23 61 23
23 34 10
23 80 45
23 42 25
23 33 40
23 43 81
23 90 89
23 0 88
23 42 32
23 54 94
23 93 26
23 55 7
23 47 17
23 70 38
23 95 81
23 47 49
23 82 16
23 83 57
23 32 20
23 31 21
23 28 34
23 92 37
23 22 9
23 38 71
23 27 18
23 52 16
23 80 90
24 38 100
24 97 59
24 17 32
24 9 39
24 58 45
24 72 34
24 68 32
24 42 67
24 77 68
24 54 47
24 37 35
24 97 40
24 23 87
24 42 26
24 37 38
24 95 94
24 98 3
24 40 78
24 87 2
24 2 98
24 16 23
24 22 6
24 69 22
24 45 22
24 95 25
24 79 24
24 55 55
24 76 35
24 32 82
24 79 37
24 50 29
24 41 3
24 31 26
24 56 97
24 64 12
24 19 84
24 44 94
24 22 44
24 15 87
24 58 7
24 74 54
24 94 81
24 91 66
24 53 6
24 49 22
24 20 70
24 13 29
24 55 100
24 51 80
24 81 3
24 68 18
24 6 76
24 59 25
24 30 75
24 12 22
24 45 68
24 44 28
24 37 28
24 15 40
24 18 68
24 100 81
24 10 73
24 51 76
24 67 58
24 87 51
24 43 90
24 47 89
24 53 24
24 9 81
24 88 87
24 55 96
24 10 20
25 80 17
25 77 56
25 49 30
25 19 46
25 18 97
25 92 13
25 15 41
25 40 23
25 18 72
25 15 11
25 87 87
25 73 36
25 32 92
25 71 83
25 54 46
25 39 90
25 65 6
25 60 99
25 6 93
25 94 4
25 78 81
25 60 9
25 41 22
25 60 90
25 41 58
25 74 52
25 94 23
25 68 50
25 24 35
25 71 26
25 39 9
25 20 87
25 32 14
25 17 80
25 2 14
25 37 74
25 31 20
25 31 54
25 73 69
25 97 55
25 70 40
25 55 48
25 23 6
25 35 16
25 7 11
25 67 67
25 13 24
25 92 41
25 76 69
25 86 52
25 43 43
25 82 40
25 17 77
25 38 55
25 92 29
25 64 88
25 94 83
25 86 35
25 16 42
25 41 20
25 34 40
25 15 40
25 74 77
25 95 19
25 95 87
25 33 41
25 55 18
25 46 11
25 89 85
25 74 66
25 62 72
25 79 21
25 44 27
25 69 82
25 18 80
25 21 83
25 70 32
25 25 23
25 78 81
25 6 34
25 0 55
25 8 56
25 94 11
25 98 82
25 86 53
25 92 68
26 84 61
26 20 32
26 90 30
26 46 95
26 31 57
26 89 43
26 95 98
26 68 99
26 45 60
26 7 74
26 71 8
26 17 84
26 8 6
26 67 10
26 40 76
26 16 44
27 53 89
27 79 58
27 68 99
27 15 21
27 20 37
28 15 75
28 58 66
28 80 6
28 59 66
28 68 6
28 43 27
28 81 35
28 67 39
28 17 74
28 26 31
28 61 75
28 3 52
28 69 67
28 32 23
28 84 17
28 11 36
28 17 86
28 46 39
28 7 96
28 3 44
28 80 87
28 97 92
28 17 98
28 64 60
28 86 20
28 67 8
28 37 48
28 40 56
28 17 81
28 55 93
28 0 99
28 42 17
28 31 45
28 82 52
29 97 97
29 69 32
29 75 57
29 6 30
29 100 43
29 82 41
29 56 72
29 55 55
29 63 92
29 10 1
29 94 13
29 92 39
29 96 31
29 74 51
29 38 8
29 89 87
29 94 89
29 54 44
29 76 31
29 83 97
29 48 46
29 0 35
29 37 4
29 94 4
29 64 79
29 37 74
29 75 11
29 88 42
29 95 31
29 76 52
29 26 1
29 85 71
29 72 38
29 30 87
29 89 11
30 6 32
30 73 71
31 82 50
31 9 68
31 32 60
31 77 99
31 83 38
31 41 21
31 92 51
31 25 73
31 100 72
31 28 67
31 49 76
31 13 1
31 9 9
31 85 51
31 34 74
31 9 66
31 88 5
31 35 21
31 19 92
31 35 17
31 11 84
31 100 86
31 76 70
31 83 60
31 49 40
31 26 87
31 95 43
31 40 97
31 51 36
31 100 17
31 61 79
31 92 68
31 55 9
31 43 23
31 25 16
31 55 46
31 76 14
31 72 90
31 98 17
31 46 96
31 54 91
31 40 49
31 10 74
31 77 30
31 20 44
31 10 78
31 23 95
31 12 91
31 68 53
31 36 90
31 67 21
31 53 63
31 35 29
31 53 79
31 97 2
31 80 10
31 73 52
31 93 6
31 2 77
31 14 66
31 47 24
31 30 31
31 60 16
31 73 55
31 69 56
31 99 7
31 96 53
31 69 70
31 33 22
31 24 86
31 63 26
31 28 61
31 16 82
31 34 3
31 58 92
31 76 44
31 88 80
31 8 4
31 7 70
31 86 33
31 12 35
31 80 93
31 16 69
31 39 84
31 21 76
31 67 87
31 79 56
31 91 59
31 51 51
31 96 77
31 57 46
31 63 25
32 71 11
32 84 50
32 79 86
32 66 46
32 12 8
32 91 37
32 0 91
32 94 95
32 10 91
32 29 27
32 98 31
32 31 9
32 41 21
32 35 20
32 2 92
32 74 38
32 70 39
32 23 90
32 76 64
32 20 3
32 27 58
32 6 70
32 22 13
32 17 2
32 1 75
32 20 96
32 20 19
32 82 95
32 94 79
32 11 84
32 18 7
32 100 100
32 41 27
32 29 15
32 9 44
32 19 17
32 25 5
33 14 74
33 67 32
33 52 65
33 82 82
33 47 78
33 99 54
33 47 9
33 96 68
33 27 40
33 79 71
33 57 98
33 81 38
33 49 69
33 69 39
33 15 58
33 10 81
33 15 93
33 20 31
33 91 76
33 95 100
33 69 99
33 27 62
33 41 67
33 11 73
33 68 46
33 16 97
33 28 34
33 9 58
33 8 43
33 99 84
33 17 21
33 78 55
33 98 26
33 3 45
33 55 90
33 100 43
33 96 94
33 44 22
33 71 48
33 4 70
33 0 45
33 51 61
33 87 65
33 20 17
33 36 87
33 30 9
33 9 92
33 3 94
33 63 31
33 82 46
33 19 79
33 66 54
33 15 41
33 77 94
33 5 5
33 74 75
33 45 40
33 17 51
33 78 21
33 51 49
33 7 12
33 60 78
33 39 91
33 54 43
33 85 74
33 3 84
33 41 26
33 23 19
33 25 96
33 1 49
33 41 26
33 77 77
33 57 35
33 79 72
33 18 92
33 79 45
33 42 84
33 36 18
33 62 68
33 55 79
33 47 75
33 63 4
34 7 98
34 86 12
34 9 51
34 83 83
34 16 22
34 93 83
34 63 83
34 71 44
34 65 36
34 49 35
35 60 85
35 10 44
35 87 11
35 67 20
35 34 6
35 21 44
35 49 2
35 74 84
35 8 30
35 26 21
35 76 31
35 73 95
35 95 70
35 24 98
35 65 13
35 24 84
35 12 50
35 54 67
35 40 31
35 71 67
35 61 38
35 54 90
35 98 37
35 11 46
35 28 37
35 30 79
35 20 58
35 28 86
35 75 73
35 36 87
35 98 4
35 70 25
35 84 26
35 55 34
35 82 46
35 4 37
35 6 30
35 49 23
35 20 64
35 17 82
35 61 77
35 12 84
35 27 94
35 53 28
35 50 8
35 41 96
35 62 31
35 91 12
35 19 92
35 11 67
35 81 37
35 32 84
35 76 59
35 70 26
35 77 97
35 35 1
35 16 21
35 91 21
35 62 83
35 24 68
35 44 93
35 53 77
35 82 67
35 96 52
35 27 74
35 31 12
35 67 32
35 12 57
35 52 57
35 88 87
35 16 9
35 27 98
35 58 8
35 12 41
35 34 80
35 16 31
35 93 70
35 54 88
35 68 89
35 63 22
35 69 1
35 66 9
35 75 38
35 2 51
35 97 12
35 22 26
35 56 70
35 48 90
35 86 53
36 27 43
36 9 99
36 63 94
36 49 56
36 99 99
36 2 42
36 23 34
36 52 96
36 87 53
36 42 4
36 59 79
36 10 38
36 27 80
36 17 56
36 53 77
36 12 11
36 62 27
36 43 35
36 4 63
36 45 37
36 21 40
36 61 39
36 79 14
36 60 82
36 66 1
36 56 90
36 64 70
36 5 36
36 18 15
36 79 37
36 70 55
36 27 80
36 0 24
36 83 80
37 91 11
37 84 43
37 85 30
37 21 67
37 59 99
37 80 10
37 21 68
37 53 30
37 69 41
37 69 46
37 91 74
37 100 97
37 20 76
37 87 12
37 54 89
37 6 88
37 57 28
37 87 33
37 22 56
37 97 85
37 3 49
37 89 31
37 22 96
37 21 22
37 33 37
37 14 28
37 75 77
37 78 1
37 22 78
37 27 10
37 40 60
37 27 45
37 31 10
37 38 95
37 62 87
37 44 93
38 77 38
38 27 60
38 73 63
38 32 40
38 43 51
38 2 97
38 57 58
38 66 66
38 55 79
38 56 33
38 61 77
38 4 33
38 67 30
38 14 20
38 5 36
38 51 90
38 89 89
38 92 24
38 91 82
38 41 74
38 72 80
38 6 50
38 78 39
38 74 73
38 39 81
38 44 31
38 90 64
38 99 76
38 11 75
38 90 7
38 2 2
38 39 52
38 32 24
38 35 36
38 74 100
38 87 12
38 91 61
38 69 8
38 2 17
38 23 75
38 79 20
38 20 35
38 42 55
38 71 97
38 21 3
38 77 19
38 85 20
38 1 100
38 47 93
38 54 1
38 74 90
38 77 86
38 76 31
38 19 1
38 79 84
38 87 57
38 65 15
38 6 92
38 47 36
38 20 44
38 58 16
38 88 11
38 21 89
38 21 25
38 78 60
38 28 89
38 69 97
38 45 10
38 85 33
38 8 98
39 81 71
39 60 16
39 27 4
39 43 8
39 37 42
39 85 74
39 9 46
39 77 5
39 15 74
39 49 7
39 39 34
39 78 20
39 91 43
39 38 94
39 16 40
39 24 40
39 81 10
39 32 53
39 27 92
39 78 93
39 25 97
39 27 21
39 93 12
39 81 8
39 93 42
39 21 89
39 59 34
39 31 1
39 87 56
39 35 23
39 0 26
40 11 83
40 70 32
40 56 35
40 81 77
40 17 74
40 38 87
40 88 85
40 57 21
40 38 84
40 25 15
40 48 62
40 85 54
40 84 40
40 39 61
40 12 17
40 27 68
40 68 88
40 61 96
40 98 85
40 32 73
40 17 30
40 92 89
40 42 30
40 67 35
40 14 32
40 31 24
40 18 1
40 77 85
40 30 50
40 48 50
40 85 54
40 13 27
40 14 2
40 42 72
40 47 30
40 57 66
40 1 89
40 8 28
40 100 5
40 6 42
40 50 27
40 0 45
40 24 88
40 20 64
40 87 96
40 63 97
40 82 4
40 80 58
40 10 32
40 39 67
40 77 45
40 90 60
40 26 26
40 6 31
40 79 17
40 24 90
40 100 8
40 78 97
40 31 67
40 22 11
40 51 40
40 5 99
40 63 49
40 22 4
40 91 48
40 38 9
41 3 72
41 52 16
41 58 84
41 18 33
41 20 25
41 76 63
41 99 50
41 16 65
41 71 25
41 57 42
41 69 91
41 26 5
41 98 39
41 28 37
41 67 57
41 26 28
41 21 78
41 21 97
41 44 62
42 72 16
42 33 66
42 37 71
42 2 40
42 96 82
42 78 28
42 47 55
42 57 76
42 73 5
42 52 3
42 7 10
42 44 21
42 19 58
42 63 11
42 39 22
42 54 36
42 56 80
42 79 1
42 83 68
42 83 17
42 85 90
42 70 1
42 44 11
42 94 89
42 32 32
42 84 59
42 57 14
42 56 22
42 71 87
42 22 87
42 13 78
42 42 26
42 48 88
42 67 59
42 56 47
42 52 17
42 44 27
42 85 85
42 43 88
42 44 80
42 86 50
42 66 23
42 83 76
42 29 99
42 12 61
42 67 9
42 97 93
42 27 55
42 92 94
42 41 57
42 17 30
42 89 39
42 23 99
42 67 36
42 3 61
42 98 32
42 49 90
42 20 46
42 22 29
42 39 75
42 34 87
42 89 37
42 3 27
42 6 32
42 14 32
42 69 36
42 67 42
42 18 71
42 48 98
42 8 46
42 21 38
42 61 32
42 28 79
42 49 77
42 55 51
42 82 30
42 62 42
42 88 53
42 87 3
42 77 89
42 14 39
42 43 84
42 9 1
42 41 75
42 76 84
42 42 37
42 53 88
42 70 91
42 56 53
42 6 30
42 3 79
42 79 88
42 81 45
42 57 75
42 94 73
42 59 92
42 1 36
43 66 19
43 13 34
43 78 68
43 91 50
43 39 83
43 61 56
43 93 2
43 72 37
43 100 75
43 89 62
43 32 89
43 94 100
43 37 46
43 55 28
43 24 20
43 63 10
43 31 35
43 28 39
43 33 57
43 78 63
43 2 81
43 15 11
43 86 82
43 49 13
43 12 66
43 11 14
43 63 78
43 95 16
43 24 8
43 48 28
43 84 3
43 8 89
43 72 71
43 94 27
43 9 52
43 4 9
43 77 82
43 99 32
43 9 75
43 15 75
43 55 67
43 84 73
43 31 87
43 63 37
43 58 2
43 33 81
43 6 69
43 4 19
43 59 78
43 39 56
43 5 14
43 90 41
43 28 8
43 97 30
43 22 93
43 63 98
43 24 33
43 1 3
43 27 15
43 58 13
43 24 90
43 69 27
43 96 65
43 24 1
43 38 8
43 17 89
43 77 72
43 22 10
43 77 55
43 79 88
43 95 25
43 36 28
43 39 84
43 63 95
43 54 70
43 24 56
43 33 61
43 31 28
43 58 58
43 99 100
43 57 58
43 71 72
44 44 81
44 54 53
44 86 60
44 29 10
44 24 23
44 64 100
44 82 21
44 94 53
44 61 94
44 76 54
44 61 50
44 69 28
44 56 22
44 14 79
44 96 20
44 47 96
44 92 59
44 10 71
44 42 24
44 92 3
44 97 31
44 45 24
44 72 74
44 85 39
44 10 35
44 63 12
44 76 66
44 3 79
44 25 67
44 55 34
44 88 1
44 10 15
44 35 3
44 94 7
44 99 36
44 6 47
44 48 38
44 42 22
44 12 13
44 43 87
44 20 82
44 38 20
44 21 45
44 81 50
44 38 4
44 62 9
44 96 88
44 77 45
44 91 82
44 72 63
44 69 90
44 81 75
44 79 35
44 97 70
44 38 30
44 22 2
44 28 72
44 4 50
44 98 87
44 1 38
44 97 60
44 7 71
44 85 1
44 28 29
44 58 46
44 90 66
44 74 12
44 42 96
44 93 5
44 65 75
44 41 28
44 98 26
44 47 16
44 0 37
44 85 97
44 67 29
44 88 58
44 51 40
44 81 93
44 93 92
44 47 16
44 21 83
44 16 40
44 74 93
44 28 54
44 15 57
44 83 59
44 31 97
44 43 8
44 22 13
45 99 28
45 29 40
45 4 42
45 69 69
45 82 90
45 64 91
45 91 93
45 32 94
45 74 88
45 2 48
45 60 8
45 41 45
45 4 48
45 87 64
45 57 12
45 72 9
45 51 57
45 13 71
45 85 81
45 10 83
45 35 15
45 50 73
45 46 64
46 40 10
46 50 31
46 17 89
46 84 12
46 70 75
47 25 45
47 37 3
47 28 83
47 19 17
47 62 67
47 64 66
47 69 70
47 19 47
47 68 98
47 41 83
47 82 9
47 19 32
47 53 88
47 44 35
47 34 46
47 62 90
47 27 19
47 32 55
47 58 40
47 96 52
47 75 86
47 3 20
47 66 33
47 80 26
47 44 47
47 58 19
47 87 79
47 43 16
47 62 42
47 8 53
47 11 16
47 99 19
47 74 82
47 35 95
47 24 91
47 76 39
47 23 57
48 78 66
48 25 20
48 92 79
48 75 54
48 91 30
48 22 17
49 17 77
49 98 89
49 2 86
49 36 30
49 45 25
49 12 40
49 100 31
49 33 48
49 28 2
49 64 97
49 4 27
49 35 27
49 19 4
49 53 62
49 61 86
49 93 82
49 23 47
49 37 65
49 39 31
49 0 7
49 17 56
49 12 80
49 52 30
49 70 75
49 12 2
49 9 50
49 89 88
49 8 87
49 67 26
49 69 72
49 8 3
49 5 79
49 84 14
49 42 88
49 45 25
49 41 84
49 75 34
49 72 2
49 65 51
49 43 38
49 96 26
49 63 46
49 96 49
49 71 76
50 37 16
50 71 42
50 79 68
50 54 55
50 94 26
50 68 30
50 97 24
50 76 93
50 99 14
50 15 70
50 40 51
50 62 31
50 70 72
50 19 48
50 25 7
50 21 11
50 55 71
50 47 20
50 24 59
51 25 50
51 19 89
51 84 92
51 34 8
51 12 82
51 49 51
51 10 41
51 17 99
51 95 5
51 62 85
51 23 91
51 32 69
51 42 94
51 19 4
51 16 83
51 10 51
51 54 8
51 10 42
51 100 4
51 21 20
51 13 50
51 14 58
51 97 91
51 89 50
51 15 53
51 47 89
51 97 32
51 18 24
51 2 4
51 82 59
51 94 5
51 18 34
51 65 74
51 88 25
51 69 3
51 9 40
51 76 83
51 29 5
51 20 27
51 21 1
51 32 92
51 97 16
51 39 33
51 74 87
51 37 10
51 34 19
51 17 53
51 21 13
51 38 79
51 93 33
51 32 13
51 21 23
51 80 13
51 70 38
51 33 86
51 20 14
51 62 99
51 30 38
51 88 48
51 49 40
51 90 3
51 46 80
51 42 24
51 20 69
51 36 2
51 1 82
51 31 55
51 41 52
51 68 27
51 75 78
51 99 7
51 77 86
51 60 2
51 88 53
51 90 79
51 79 97
51 28 53
51 26 34
51 93 48
51 48 90
51 43 34
51 31 50
51 54 87
51 0 79
51 50 6
51 5 70
51 82 90
51 58 77
51 26 79
52 47 2
52 26 4
52 60 9
52 18 82
52 94 83
52 47 65
52 83 13
52 56 29
52 56 64
52 40 30
52 18 54
52 33 52
52 52 100
52 92 2
52 72 1
52 9 58
52 21 36
52 59 84
52 60 34
52 65 87
52 93 98
52 16 25
52 51 48
52 97 44
52 30 83
52 85 15
52 41 18
52 52 78
52 18 39
52 62 36
52 57 27
52 73 91
52 1 66
52 34 89
52 35 50
52 13 4
52 39 5
52 42 79
52 87 19
52 100 64
52 86 10
52 83 13
52 46 49
52 72 64
52 4 37
52 12 66
52 82 22
52 17 63
52 3 84
52 63 36
52 92 48
52 12 74
52 24 15
52 53 27
53 49 93
53 27 59
53 35 16
53 26 9
53 11 3
53 46 95
53 29 100
53 26 10
53 68 48
53 15 39
53 50 47
53 100 13
53 60 60
53 34 46
53 8 95
53 21 3
53 85 43
54 76 82
54 51 53
54 98 20
54 13 31
54 85 42
54 86 73
54 59 9
54 29 29
54 68 93
54 48 90
54 93 89
54 23 81
54 82 4
54 83 34
54 73 73
54 0 19
54 36 31
54 82 95
54 28 41
54 64 42
54 23 3
54 90 89
54 76 17
54 7 9
54 20 41
54 22 76
54 54 15
54 74 61
54 36 95
54 90 3
54 65 76
54 95 77
54 98 40
54 68 72
54 49 87
54 95 44
54 29 30
54 11 4
54 57 16
54 74 36
54 59 50
54 30 44
54 10 23
54 8 89
54 45 21
54 66 16
54 34 77
54 37 85
54 94 83
54 26 27
54 93 5
54 16 62
54 3 61
54 7 50
54 59 17
54 83 64
54 74 91
54 73 22
54 96 32
55 34 41
55 91 76
55 66 34
55 66 5
55 23 53
55 88 7
55 47 79
55 1 72
55 94 3
55 8 92
55 57 95
55 83 72
55 49 32
55 63 12
55 61 28
55 46 47
55 59 25
55 96 55
55 43 10
55 51 62
55 88 99
55 2 83
55 50 34
55 36 57
55 12 26
55 51 99
55 57 46
55 85 44
55 24 77
55 93 98
55 16 80
55 34 90
55 81 96
55 77 37
55 97 10
55 74 75
55 87 47
55 33 87
55 35 56
55 80 6
55 18 88
55 72 52
55 53 65
55 58 60
55 91 53
55 56 100
55 54 61
55 43 24
55 32 31
55 45 32
55 49 99
55 60 76
55 29 57
55 70 16
55 43 85
55 54 52
55 20 87
55 47 88
55 46 83
55 69 75
55 55 15
55 40 43
55 50 34
55 59 8
55 67 67
55 27 83
55 7 73
55 82 5
55 59 33
55 69 8
55 87 61
55 5 50
55 53 71
56 3 21
56 19 28
56 81 33
56 97 17
56 92 58
56 98 100
57 26 48
57 33 79
57 10 66
57 33 84
57 45 66
57 17 80
57 61 84
57 56 30
57 58 95
57 67 95
57 80 80
57 35 61
57 20 43
57 30 16
57 69 48
57 5 71
57 13 83
57 34 60
57 41 6
57 18 58
57 68 56
57 27 17
57 65 50
57 35 41
57 54 78
57 95 70
57 84 85
57 33 41
57 31 45
57 53 99
57 93 5
57 9 40
57 77 49
57 21 100
57 84 56
57 83 25
57 29 83
57 28 57
57 66 86
57 71 65
57 24 79
57 16 32
57 72 66
57 15 17
57 0 61
57 100 48
57 37 28
57 56 37
57 21 62
57 10 99
57 2 11
57 54 33
57 43 56
57 2 56
57 79 38
57 49 44
57 2 50
57 5 23
57 44 84
57 85 98
57 81 3
57 58 71
57 22 6
57 52 81
58 0 91
58 96 4
58 24 96
58 54 27
58 42 2
58 4 47
58 58 63
58 14 8
58 44 10
58 66 27
58 96 34
58 47 98
58 73 54
58 98 27
58 50 22
58 81 23
58 3 93
58 1 19
58 43 89
58 13 58
58 25 15
58 60 31
58 10 9
58 74 18
58 56 26
58 85 54
58 63 51
58 46 96
58 23 9
58 95 46
58 84 92
58 32 59
58 33 45
58 32 25
58 100 52
58 25 88
58 3 35
58 91 76
58 49 37
58 70 12
58 13 74
58 35 49
58 8 74
58 47 89
58 0 9
58 24 89
58 17 16
58 28 38
58 30 41
58 50 43
58 25 84
58 81 68
58 94 13
58 7 17
58 47 89
58 71 20
58 55 12
58 25 56
58 61 85
58 0 44
58 3 94
58 77 42
58 16 96
58 85 54
58 6 64
58 50 81
58 43 22
58 97 19
58 61 73
58 48 83
58 6 51
58 8 33
58 97 1
58 24 68
58 84 10
58 9 82
58 95 19
58 6 72
58 31 31
58 65 96
58 66 81
58 28 13
58 36 97
58 2 65
58 67 65
58 68 32
58 72 19
58 8 49
58 42 90
58 59 8
58 51 68
58 42 78
58 62 75
58 3 50
58 80 94
58 49 7
58 46 92
58 1 10
59 98 90
59 43 97
59 57 6
59 73 74
59 96 95
59 15 16
59 15 38
59 88 27
59 82 14
59 82 48
59 55 2
59 40 86
59 64 39
59 45 79
59 34 56
59 96 77
59 66 47
59 55 41
59 94 19
59 86 74
59 100 72
59 49 72
59 19 16
59 8 26
59 33 93
59 46 19
59 78 5
59 17 45
59 79 2
59 72 99
59 40 58
59 93 10
59 99 57
59 71 87
59 92 45
59 78 49
59 50 70
59 74 4
59 75 5
59 85 42
59 0 54
60 35 1
60 45 57
60 54 55
61 4 17
61 50 81
61 65 27
61 81 59
61 9 76
61 47 49
61 37 85
61 36 79
61 81 14
61 38 74
61 71 18
61 53 10
61 6 42
61 78 9
61 11 97
61 24 58
61 30 28
61 79 61
61 13 18
61 25 31
61 43 22
61 66 82
61 23 74
61 19 69
61 59 28
61 80 95
61 86 35
61 49 13
61 68 65
61 72 34
61 22 57
61 61 89
61 9 18
61 18 6
61 2 23
62 54 78
62 24 77
62 12 65
62 18 38
62 54 89
62 28 40
62 79 94
62 90 40
62 97 85
62 22 42
62 96 91
62 5 60
62 72 79
62 28 81
62 81 70
62 73 39
62 8 19
62 45 8
62 68 55
62 37 87
62 13 58
62 81 28
62 50 36
62 13 74
62 92 61
62 89 69
62 43 9
62 71 21
62 62 12
62 84 30
62 66 14
62 55 21
62 56 83
62 47 43
62 78 39
62 43 27
62 60 37
62 28 92
62 72 59
62 98 80
62 7 9
62 72 33
62 85 19
62 50 76
62 16 39
63 84 36
63 77 57
63 50 53
63 95 95
63 68 1
63 32 37
63 91 74
63 73 16
63 76 41
63 76 90
63 35 34
63 68 4
63 76 95
63 36 27
63 17 9
63 68 58
63 12 42
63 63 3
63 11 50
63 73 7
63 82 75
63 25 44
63 90 70
63 27 46
63 44 75
63 75 72
63 46 81
63 89 79
63 81 62
63 40 58
63 56 35
63 90 38
64 47 40
64 97 97
64 75 40
64 91 19
64 28 74
64 50 37
64 4 13
64 35 39
64 27 33
64 51 38
64 72 10
64 69 45
64 26 45
64 98 37
64 71 16
64 27 48
64 74 92
64 32 91
64 29 59
64 68 61
64 16 49
64 100 94
64 33 59
64 37 82
64 69 1
64 61 91
64 98 27
64 40 9
64 13 94
64 98 19
64 89 33
64 67 46
64 5 40
64 47 94
64 47 5
64 81 64
64 63 85
64 10 22
64 28 27
64 42 45
64 49 44
64 45 17
64 97 38
64 89 100
64 79 29
64 45 21
64 13 60
64 85 87
64 15 3
64 65 60
64 46 75
64 45 57
64 87 89
64 8 35
64 41 8
64 40 59
64 33 10
64 18 52
64 65 20
64 36 19
64 65 76
64 67 99
64 31 50
64 4 81
64 51 64
64 24 31
65 19 65
65 55 58
65 63 52
65 50 16
65 23 22
65 17 59
65 94 81
65 70 89
65 67 41
65 8 10
65 62 93
65 4 46
65 42 88
65 22 99
65 48 15
65 89 55
65 13 57
65 96 84
65 95 99
65 14 32
65 10 67
65 89 30
65 47 92
65 32 44
65 16 34
65 38 45
65 94 38
65 93 12
65 15 9
65 95 27
65 50 65
65 57 73
65 1 27
65 25 73
65 62 86
65 5 82
65 84 16
65 71 3
65 25 90
65 21 73
65 25 14
65 84 63
65 80 53
65 12 1
65 69 70
65 23 72
65 14 86
65 61 77
65 41 34
65 32 77
65 9 96
65 51 27
65 77 7
65 54 41
65 99 64
65 93 53
65 64 32
65 31 19
65 28 93
65 64 50
65 66 94
65 33 12
65 15 33
65 77 83
65 6 10
65 33 98
65 44 24
65 15 65
65 89 22
65 84 49
65 69 74
65 5 80
65 13 82
65 37 63
65 20 82
65 56 34
65 37 93
65 48 70
65 98 100
65 28 83
65 43 11
65 71 85
65 8 71
65 10 39
65 65 40
65 97 57
65 26 17
65 1 99
65 60 20
65 68 10
65 47 34
65 33 37
65 95 46
65 30 46
65 24 30
65 0 27
65 63 56
66 82 63
66 4 15
66 63 3
66 90 7
66 87 95
66 45 30
66 50 84
66 8 25
66 35 89
66 79 92
66 13 18
66 47 84
66 6 22
66 25 17
66 29 7
66 43 2
66 1 19
66 96 18
66 41 81
66 59 65
66 35 73
66 55 64
66 24 95
66 97 2
66 14 7
66 73 72
66 91 38
66 50 58
66 83 82
66 36 1
66 85 60
66 79 71
66 79 97
66 15 43
66 90 80
66 39 74
66 51 35
66 1 98
66 4 96
66 7 74
66 53 83
66 42 2
66 34 9
66 65 22
66 97 77
66 88 47
66 80 72
66 91 11
66 10 29
66 67 29
66 9 19
66 21 9
66 34 3
66 33 78
66 63 45
66 21 19
66 33 53
66 93 42
66 100 35
66 37 51
66 91 99
66 46 27
66 22 40
66 84 40
66 15 37
66 2 71
66 77 17
66 20 57
66 37 34
66 20 29
66 5 100
66 6 91
66 93 19
66 90 35
66 80 75
66 11 42
66 92 69
66 51 15
66 30 47
66 55 88
66 66 1
66 3 43
66 58 18
66 0 99
66 11 69
66 16 32
66 45 68
66 17 18
67 53 70
67 70 23
67 43 27
67 48 22
67 32 75
67 90 45
67 50 58
67 5 52
67 33 17
67 63 52
67 23 93
67 65 57
67 26 54
67 80 84
67 20 50
67 48 95
67 98 36
67 44 65
67 2 76
67 17 38
67 33 95
67 52 19
67 44 42
67 15 66
67 9 52
67 96 80
67 92 65
67 50 37
67 51 29
67 91 81
67 19 40
67 95 32
67 5 94
67 31 50
67 31 72
67 19 25
67 90 21
67 43 73
67 51 46
68 13 13
68 87 66
68 8 20
68 62 43
68 32 73
68 71 60
68 46 76
68 55 69
68 27 85
68 79 5
68 29 7
68 88 24
68 1 15
68 94 54
68 74 11
68 20 60
68 6 48
68 10 99
68 64 22
68 32 66
68 27 50
68 71 13

