86 98
0 90 98
0 60 16
0 76 22
0 7 40
0 34 35
0 29 80
0 68 87
0 53 30
0 83 57
0 13 14
0 92 86
0 72 63
0 37 61
0 83 76
0 27 73
0 55 14
0 99 70
0 67 28
0 86 17
0 41 88
0 94 63
0 57 62
0 88 35
0 2 88
0 5 61
0 18 40
0 50 57
0 80 10
0 50 48
0 92 42
0 65 39
0 98 37
0 52 16
0 26 50
0 33 51
0 68 58
0 36 27
0 59 24
0 49 57
0 63 95
0 18 1
0 51 6
0 75 8
0 92 18
0 0 38
0 98 28
0 57 54
0 18 90
0 64 82
0 6 51
0 68 92
0 73 8
0 24 3
0 35 89
0 75 70
1 87 93
1 17 60
1 58 16
1 34 46
1 70 96
1 14 65
1 42 73
1 53 27
1 44 95
1 89 31
1 44 64
1 35 37
1 51 7
1 71 74
1 94 21
1 75 50
1 79 65
1 8 24
1 0 75
1 21 95
1 4 29
1 77 7
1 65 13
1 18 12
1 88 14
1 25 86
1 28 82
1 68 56
1 57 46
1 90 84
1 7 21
1 18 10
1 90 98
1 57 51
1 96 28
1 44 42
1 10 21
1 23 62
1 46 61
1 33 59
1 29 91
1 55 63
1 39 43
1 6 34
1 8 37
1 95 94
1 100 17
1 30 30
1 59 37
1 45 14
1 46 50
1 6 82
1 98 93
1 6 7
1 30 5
1 84 36
1 33 22
1 78 56
1 16 27
1 32 54
1 23 61
1 9 63
1 16 72
1 73 27
1 33 61
1 46 6
1 2 99
1 6 58
1 86 46
1 66 67
1 44 11
1 76 86
1 32 54
1 51 50
1 39 65
1 49 39
1 85 23
1 1 15
1 79 51
1 14 57
1 36 90
1 99 64
1 91 58
1 85 75
1 32 58
1 47 74
1 79 87
1 96 29
1 32 67
1 45 71
1 22 13
1 86 59
1 11 79
1 61 82
1 72 85
1 3 75
1 55 84
2 49 55
2 78 5
2 78 82
2 11 28
2 12 10
2 68 87
2 21 14
2 65 40
2 69 12
2 43 90
2 15 64
2 56 15
2 52 13
2 96 9
2 47 14
2 74 4
2 50 60
2 58 65
2 47 72
2 58 20
2 23 85
2 46 3
2 63 13
2 88 90
2 16 70
2 72 88
2 93 6
2 75 100
2 32 58
2 14 53
2 43 84
2 62 69
2 56 93
2 31 33
2 73 11
2 33 85
2 42 64
2 74 82
2 52 25
2 45 58
2 42 92
2 35 35
2 66 72
3 1 94
3 22 62
3 21 98
3 58 79
3 56 33
3 69 57
3 5 50
3 97 24
3 40 9
3 23 58
3 77 87
3 21 27
3 57 6
3 54 58
3 12 74
3 10 100
3 44 72
3 35 18
3 43 27
3 38 38
3 85 81
3 77 86
3 57 46
3 37 36
3 54 70
3 75 23
3 12 49
3 51 23
3 73 49
3 63 75
3 78 87
3 83 70
4 77 64
4 13 65
4 66 8
4 89 49
4 12 22
4 31 71
4 88 37
4 68 13
4 48 73
4 94 99
4 3 12
4 8 23
4 22 80
4 7 35
4 14 41
4 42 19
5 23 83
5 32 49
5 6 2
5 83 82
5 64 45
5 45 72
5 99 83
5 9 25
5 78 89
5 80 6
5 77 82
5 63 36
5 98 11
5 90 90
5 25 16
5 0 13
5 95 3
5 9 47
5 0 59
5 99 35
5 84 38
5 45 98
5 46 23
5 86 41
5 4 100
5 94 12
5 57 55
5 77 54
5 71 97
5 72 13
5 69 34
5 19 71
5 90 14
5 1 73
5 39 2
5 16 81
5 69 31
5 74 5
5 63 19
5 70 47
5 63 17
5 11 33
5 80 56
5 96 30
5 48 10
5 18 53
5 83 9
5 11 22
5 68 54
5 22 65
5 22 70
5 68 19
5 82 7
5 84 59
5 78 1
5 63 55
5 36 9
5 6 35
5 14 37
5 8 100
5 3 92
5 91 14
5 86 50
5 38 55
5 53 84
5 32 38
5 90 32
6 99 81
6 45 80
6 8 74
6 46 79
6 11 85
6 16 33
6 63 29
6 94 10
7 2 89
7 71 54
7 65 4
7 98 46
7 60 1
7 67 42
7 42 49
7 22 16
7 69 7
7 68 40
7 48 18
7 49 41
7 85 15
7 75 65
7 75 53
7 99 90
7 86 99
8 90 84
8 48 89
8 98 31
8 82 97
8 7 60
8 97 9
8 27 66
8 33 26
8 54 58
8 82 35
8 97 77
8 7 58
8 64 43
8 8 98
8 30 7
8 99 79
8 65 96
8 64 7
8 96 29
8 20 18
8 23 42
8 59 90
8 23 28
8 85 79
8 30 78
8 80 85
8 27 9
8 32 60
8 5 52
8 5 7
8 67 82
8 86 8
8 10 41
8 70 51
8 73 2
8 39 58
8 30 97
8 51 20
8 94 84
8 10 69
8 85 63
8 74 14
8 69 62
8 10 36
8 33 19
8 21 93
8 27 87
8 10 31
8 75 93
8 77 53
8 28 73
8 11 70
8 34 33
8 74 35
8 9 61
8 90 60
8 12 65
8 95 49
8 55 69
8 94 17
8 48 1
8 11 36
8 19 70
8 65 43
8 95 86
8 74 64
8 61 11
8 63 30
8 66 51
8 72 42
8 40 61
8 47 72
8 14 95
8 30 43
8 90 18
8 43 78
8 43 76
8 22 6
8 15 86
8 98 14
8 50 39
8 19 89
8 36 79
8 28 78
8 20 11
8 43 30
8 24 3
8 79 59
8 33 14
8 92 91
8 94 63
8 54 47
8 82 66
8 49 37
8 7 3
8 78 65
9 15 18
9 91 89
9 24 35
9 52 78
9 10 60
9 96 24
9 84 25
9 75 85
9 74 34
9 9 38
9 50 44
9 85 81
9 4 6
9 31 77
9 80 59
9 32 92
9 51 86
9 91 12
9 55 21
9 2 93
9 16 32
9 94 31
9 25 31
9 62 80
9 0 40
9 41 67
9 59 88
9 53 96
9 0 17
9 44 96
9 94 29
9 60 4
9 71 84
9 28 12
9 62 44
9 28 20
9 96 7
9 66 68
9 92 69
9 67 65
9 19 66
9 2 91
9 11 36
9 82 76
9 2 70
9 38 5
9 74 96
9 80 93
9 63 60
9 71 79
9 45 85
9 100 48
9 43 23
9 56 67
9 56 44
9 40 27
9 7 7
9 95 77
9 25 35
9 91 27
9 49 47
9 77 59
10 85 12
10 80 8
10 47 28
10 56 78
10 91 23
10 81 86
10 51 22
10 82 9
10 41 31
10 88 94
10 5 76
10 61 75
10 83 81
10 95 71
10 97 11
10 24 12
10 1 69
10 75 75
10 67 56
10 11 42
10 61 13
10 93 41
10 97 90
10 19 9
10 98 62
10 57 52
10 34 29
10 36 54
10 32 90
10 18 36
10 2 86
10 25 60
10 10 91
10 60 11
10 5 90
10 51 55
10 4 26
10 31 25
10 85 83
10 53 6
10 99 9
10 88 27
10 26 20
10 28 77
10 13 50
11 86 17
11 29 71
11 3 16
11 32 82
11 97 1
11 80 5
11 52 63
11 75 66
11 87 11
11 98 50
11 58 86
11 72 3
11 46 81
11 59 67
11 74 42
11 67 36
11 65 13
11 53 83
11 72 69
11 11 57
11 27 63
11 47 82
11 40 5
11 81 84
11 65 28
11 92 37
11 85 3
11 63 68
11 71 25
11 11 34
11 85 37
11 68 92
11 41 7
11 26 15
11 58 5
11 78 94
11 49 60
11 58 92
11 88 59
11 74 24
11 61 94
11 41 8
11 9 1
11 8 26
11 47 88
11 37 75
11 66 25
11 5 57
11 31 24
11 81 19
11 71 37
11 96 39
11 93 18
12 36 96
12 78 75
12 9 56
12 17 94
12 42 16
12 72 78
12 68 70
12 72 91
12 27 72
12 78 32
12 11 71
12 70 37
12 82 89
12 43 18
12 26 28
12 95 15
12 32 72
12 50 82
12 59 87
12 87 81
12 34 70
12 92 73
12 20 93
12 52 100
12 98 72
12 44 13
12 94 45
12 50 18
12 4 87
12 71 85
12 75 55
12 50 42
12 23 80
12 40 11
12 10 2
12 29 89
12 43 27
12 61 4
12 63 31
12 75 84
12 44 7
12 77 58
12 94 31
12 87 27
12 89 85
12 88 19
12 61 20
12 80 57
12 58 95
12 98 74
12 57 56
12 47 5
12 21 19
12 46 72
12 75 54
12 14 78
12 27 12
12 58 14
12 53 80
12 57 19
12 94 92
12 48 87
12 6 93
12 43 71
12 93 5
12 7 17
12 87 61
12 85 32
12 39 24
12 98 100
12 96 16
12 36 85
12 9 71
12 34 14
12 51 56
12 73 19
12 54 82
12 11 70
12 29 94
12 10 68
12 1 72
12 88 99
12 29 44
12 83 25
12 6 54
12 77 15
12 13 68
13 68 7
13 48 63
13 48 20
13 77 25
13 95 77
13 55 64
13 94 61
13 7 65
13 12 92
13 68 7
13 66 9
13 60 52
13 82 60
13 15 45
13 71 15
13 8 87
13 66 30
13 75 32
13 3 89
13 7 50
13 62 88
13 62 73
13 4 25
13 4 97
13 7 16
13 53 64
13 17 24
13 43 54
13 85 31
13 41 69
13 97 34
13 71 97
13 2 93
13 34 81
13 79 62
13 85 90
13 92 73
13 48 17
13 58 31
13 25 56
13 5 90
13 36 33
13 37 55
13 92 43
13 21 26
13 44 53
13 12 5
13 3 41
13 67 81
13 42 40
13 15 36
13 30 61
13 68 59
13 70 35
13 94 29
13 70 91
13 79 7
13 84 25
13 47 4
13 59 37
13 11 22
13 40 98
13 0 39
13 63 67
13 76 80
13 7 83
13 90 40
13 57 84
13 99 58
13 13 85
13 81 93
13 79 72
13 56 34
13 14 74
13 12 26
13 1 53
13 53 69
13 87 37
13 98 96
13 74 84
13 86 77
13 10 23
13 15 69
13 48 40
14 66 77
14 61 52
14 88 16
14 14 31
14 46 60
14 75 63
14 70 5
14 14 89
14 69 44
14 51 25
14 84 66
14 48 16
14 15 31
14 43 37
14 21 43
14 10 71
14 67 78
14 9 72
14 7 51
14 12 67
14 36 76
14 20 83
14 24 86
14 63 15
14 16 2
14 16 7
14 41 50
15 8 53
15 98 93
15 28 83
15 75 51
15 91 32
15 69 28
15 65 43
15 33 17
15 82 92
15 30 74
15 37 40
15 95 83
15 56 87
15 79 12
15 59 29
15 62 8
15 31 33
15 17 65
15 59 64
15 26 86
15 14 25
15 100 49
15 7 67
15 83 61
15 62 68
15 25 89
15 2 90
15 99 34
15 14 31
15 25 7
15 65 57
15 57 64
15 94 70
15 97 40
15 71 14
15 46 42
15 29 81
15 81 40
15 1 13
15 27 29
15 87 24
15 15 47
15 11 58
15 51 82
15 24 43
15 75 85
15 3 11
15 12 99
15 27 41
15 25 13
15 74 53
15 51 18
15 11 43
15 66 92
15 88 6
15 84 68
15 47 44
15 87 40
15 44 7
15 56 21
15 66 39
15 61 16
15 63 66
15 63 95
15 7 91
15 59 14
15 64 80
15 22 49
15 70 100
15 25 55
15 30 89
15 18 52
15 74 58
15 59 74
15 79 57
15 88 93
15 56 36
15 35 2
15 93 45
15 72 8
15 15 32
15 68 52
15 56 44
15 46 32
15 6 67
15 86 31
15 82 81
15 85 55
15 89 25
16 36 27
16 38 8
16 53 77
16 76 82
16 83 51
16 70 63
16 35 72
16 30 69
16 84 58
16 100 19
16 33 94
16 61 54
16 39 64
16 64 83
16 10 60
16 40 91
16 42 14
16 63 25
16 68 59
16 32 68
16 34 56
16 92 27
16 35 27
16 41 20
16 59 81
16 32 49
16 4 35
16 53 6
16 61 58
16 26 25
16 31 14
16 93 48
16 65 75
16 74 77
16 64 81
16 56 71
16 23 70
16 50 16
16 8 64
16 30 80
16 87 29
16 55 77
16 91 43
16 53 53
16 78 31
16 69 62
16 22 15
16 22 15
16 31 24
16 90 17
16 37 22
16 40 5
16 33 72
16 63 33
16 0 30
16 92 91
16 66 46
16 38 12
16 89 87
16 25 30
16 24 72
16 4 92
16 45 30
16 34 38
16 47 13
16 32 91
16 37 42
16 33 34
16 50 85
16 77 54
16 4 81
16 60 53
16 24 72
16 81 27
16 53 6
16 18 25
16 12 10
16 71 82
16 24 27
16 22 38
16 43 82
16 80 56
16 61 5
16 85 35
16 75 77
16 48 37
16 16 47
16 87 34
16 82 3
16 63 55
16 0 92
16 84 28
16 72 74
16 81 75
16 15 54
17 75 55
17 54 71
17 84 25
17 46 68
17 88 41
17 97 42
17 91 14
17 67 89
17 64 89
17 2 76
17 15 35
17 28 54
17 77 54
17 26 8
17 10 93
17 15 62
17 87 43
17 80 28
17 69 86
17 94 100
17 94 39
17 21 43
17 91 42
17 88 56
17 29 15
17 73 79
17 87 40
17 47 73
17 72 73
17 42 29
17 37 82
17 4 8
17 50 22
17 6 100
17 99 37
17 37 52
17 84 46
17 91 38
17 50 67
17 27 15
17 56 67
17 18 9
17 45 31
17 10 28
17 44 46
17 73 75
17 67 39
17 90 71
17 0 23
17 67 30
17 21 39
17 90 5
17 92 62
17 35 95
17 33 32
17 89 70
17 68 81
17 64 87
17 92 15
17 32 97
17 69 31
17 32 9
17 33 31
17 74 17
17 36 35
17 75 43
17 100 57
17 23 78
17 21 45
17 55 99
17 87 8
17 33 2
17 19 33
17 15 12
17 86 85
17 17 73
17 1 92
17 65 46
17 68 89
17 17 78
17 36 100
17 51 19
17 40 91
17 15 46
17 92 72
17 31 6
17 19 71
17 15 32
17 98 96
17 92 87
17 37 22
17 63 68
17 33 42
17 74 75
17 67 8
17 47 17
17 50 74
18 9 38
18 56 37
18 89 49
18 4 3
18 87 89
18 4 89
18 43 77
18 46 90
18 39 47
18 70 23
18 46 30
18 46 7
18 100 27
18 73 40
18 83 89
18 80 69
18 53 42
18 94 68
18 41 15
18 54 23
18 32 5
18 81 79
18 34 81
18 12 63
18 24 6
18 87 42
18 34 2
18 0 8
19 85 58
19 76 82
19 19 56
19 90 100
19 20 6
19 1 39
19 86 29
19 64 74
19 3 66
19 74 36
19 43 99
19 55 58
19 49 11
19 88 96
19 38 81
19 51 42
19 72 22
19 11 43
20 21 51
20 0 81
20 27 15
20 70 47
20 98 91
20 10 92
20 51 51
20 11 35
20 37 80
20 45 10
20 4 9
20 34 3
20 7 68
20 19 61
20 56 43
20 31 92
20 11 67
20 74 2
20 86 40
20 45 87
20 63 5
20 92 15
20 98 62
20 87 93
20 98 18
20 98 94
20 52 57
21 27 44
21 62 92
21 58 9
21 31 92
21 53 44
21 58 39
21 39 7
21 32 34
21 74 90
21 15 30
21 53 22
21 72 57
21 7 55
21 46 23
21 20 64
21 53 32
21 69 36
21 70 54
21 84 80
21 32 55
21 36 12
21 78 13
21 7 61
21 3 35
21 55 99
21 18 57
21 70 93
21 30 73
21 66 9
21 80 26
21 1 7
21 2 7
21 44 67
21 35 50
21 93 14
21 73 66
21 29 57
21 38 19
21 24 75
21 75 91
21 88 22
21 42 92
21 57 42
21 12 44
21 25 42
21 37 38
21 76 15
21 98 4
21 34 60
21 78 99
21 85 44
21 15 35
21 42 19
21 85 40
21 28 74
21 62 71
21 5 8
21 67 54
21 75 24
21 29 72
21 79 92
21 51 55
21 97 74
21 86 60
21 55 81
21 7 8
21 89 17
21 72 26
21 8 100
21 73 2
21 88 36
21 44 51
21 84 30
21 80 26
21 24 2
21 19 76
21 88 77
21 80 13
21 57 51
21 43 4
21 23 21
21 85 22
21 10 71
21 89 62
21 52 23
21 26 57
21 70 44
21 31 94
21 44 20
21 6 39
21 79 56
21 75 81
22 65 93
22 48 36
22 40 16
22 90 8
22 11 13
22 60 18
22 7 80
22 9 79
22 31 2
22 3 82
22 96 94
22 27 95
22 36 7
22 46 21
22 63 30
22 55 69
22 3 20
22 82 85
22 76 37
22 57 89
22 27 2
22 95 58
22 70 33
22 43 60
22 100 24
22 87 2
22 54 90
22 52 59
22 72 27
22 65 56
22 61 26
22 7 5
22 81 30
22 42 7
22 76 18
22 82 19
22 41 31
22 11 47
22 20 96
22 63 35
22 48 51
22 65 6
22 52 99
22 87 71
22 8 56
22 9 26
22 9 3
22 59 19
22 79 82
22 21 35
22 98 14
22 9 92
22 33 67
22 19 9
22 29 92
22 91 12
22 94 71
22 54 39
22 6 2
22 55 51
22 40 16
22 3 33
22 11 23
22 46 80
22 83 65
22 58 42
22 18 77
22 77 63
22 28 33
22 84 13
22 97 40
22 87 99
22 30 67
22 77 62
22 69 66
22 72 30
22 40 54
22 14 81
22 51 22
22 6 88
22 73 17
22 78 3
22 37 100
22 51 63
22 43 94
22 98 72
22 1 44
22 94 87
22 62 37
22 24 19
22 62 37
22 61 92
22 72 54
22 19 45
22 81 52
22 48 54
22 53 86
22 61 69
23 76 19
23 52 23
23 13 13
23 16 51
23 76 48
23 53 40
23 12 42
23 41 35
23 93 22
23 90 86
23 59 69
23 98 10
23 12 18
23 13 43
23 70 71
23 62 36
23 56 88
23 97 67
23 59 94
23 33 38
23 69 13
23 34 35
23 61 10
23 96 58
23 20 90
23 26 38
23 36 84
23 100 94
23 91 73
23 23 41
23 98 1
23 83 95
23 79 4
23 39 77
23 14 20
23 16 76
23 86 99
23 91 33
23 74 29
23 23 79
23 57 5
23 4 43
23 83 32
23 89 78
23 58 87
23 53 22
23 31 32
23 65 87
23 83 75
23 85 49
23 52 76
23 94 54
23 47 87
23 8 19
23 55 31
23 67 79
23 75 73
23 15 84
23 64 52
23 6 60
23 86 60
23 80 28
23 11 36
23 48 11
23 86 72
23 15 18
23 12 40
23 78 18
24 40 46
25 72 87
25 57 72
25 30 67
25 68 1
25 75 35
25 52 33
25 31 74
25 55 53
25 1 77
25 46 18
25 55 68
25 59 93
25 29 86
25 31 40
25 34 89
25 49 30
25 96 93
25 5 4
25 24 54
25 2 12
25 83 27
25 15 9
25 61 83
25 22 43
25 26 66
25 91 60
25 65 7
25 94 31
25 52 70
25 46 86
25 83 23
25 12 60
25 67 43
25 23 24
25 87 60
25 71 47
25 85 3
25 13 68
25 8 81
25 4 32
25 62 29
25 82 32
25 1 5
25 90 21
25 80 17
25 43 32
25 74 3
25 30 3
25 39 74
25 75 94
25 59 90
25 66 3
25 33 50
25 20 41
25 40 53
25 22 70
25 39 57
25 66 96
25 90 29
25 15 16
25 56 61
25 75 61
25 56 47
25 55 26
25 24 57
25 93 1
25 48 13
25 94 90
25 8 30
25 52 93
25 56 92
25 29 13
25 10 91
25 45 3
25 41 36
26 7 19
26 99 70
26 14 85
26 94 35
26 21 30
26 39 83
26 65 49
26 48 98
26 77 21
26 86 90
26 43 61
26 28 92
26 19 6
26 76 68
26 89 24
26 12 73
26 1 21
26 20 32
26 34 2
26 79 75
26 32 20
26 75 43
26 7 70
26 26 23
26 79 67
26 38 88
27 81 63
27 57 51
27 62 45
27 28 24
27 35 78
27 60 23
27 80 99
27 37 62
27 94 1
27 89 88
27 70 73
27 36 100
27 45 70
27 66 66
27 4 16
27 72 56
27 27 92
27 68 31
27 64 40
27 45 89
27 86 33
27 77 94
27 16 80
27 57 83
27 46 68
27 8 52
27 37 87
27 44 18
27 94 84
27 64 5
27 74 22
27 34 25
27 20 21
27 69 64
27 9 31
27 61 16
27 95 31
27 41 68
27 37 23
27 70 60
27 0 82
27 3 1
27 71 62
27 2 32
27 1 40
27 58 60
27 27 39
27 76 98
27 44 36
27 21 8
27 91 26
27 5 28
27 65 88
27 69 62
27 79 60
27 67 81
27 26 32
27 53 77
27 67 20
27 25 1
27 57 84
27 31 55
27 67 98
27 25 56
27 35 79
27 6 71
27 67 96
27 27 85
27 70 62
27 2 39
27 3 65
27 4 15
27 15 81
27 27 96
27 80 94
27 92 24
27 95 11
27 46 85
28 23 52
28 66 55
28 63 50
28 93 79
28 87 16
28 35 34
28 4 11
28 61 61
28 6 71
28 17 25
28 61 28
28 61 59
28 95 42
28 28 94
28 10 45
28 24 25
28 75 26
28 27 58
28 21 5
28 23 71
28 42 23
29 71 56
29 14 56
29 39 83
29 2 38
29 75 11
29 5 75
29 44 72
29 88 52
29 46 31
29 73 65
30 50 64
30 83 49
30 97 30
30 97 27
30 62 11
30 72 39
30 17 59
30 88 46
30 2 95
30 69 27
30 33 71
30 59 98
30 0 8
30 45 24
30 7 36
30 93 54
30 34 76
30 77 83
30 52 66
30 62 76
30 93 20
30 31 74
30 43 96
30 12 87
30 99 60
30 21 31
30 44 73
30 49 43
30 81 58
30 1 56
30 48 89
30 13 87
30 66 85
30 40 16
30 52 47
30 63 55
30 1 19
30 50 18
30 55 61
30 29 42
30 24 11
30 75 10
30 51 21
30 6 19
30 30 39
30 30 18
30 70 8
30 84 76
30 78 72
30 11 61
30 63 70
30 55 78
30 30 56
30 89 57
30 28 84
30 54 8
30 72 98
30 72 5
30 3 18
30 36 92
30 82 80
30 72 77
30 1 22
30 37 44
30 47 61
30 26 27
30 89 61
30 6 74
30 99 10
30 65 28
30 31 66
30 96 5
30 4 92
30 29 52
30 75 68
30 61 33
30 74 2
30 50 42
30 93 83
30 9 27
30 90 27
30 8 7
30 76 18
30 83 95
30 3 11
30 46 70
30 96 13
30 58 17
30 22 39
30 57 56
30 35 5
30 28 65
30 88 46
30 64 42
30 36 54
30 77 60
30 9 23
31 90 38
31 55 82
31 51 63
31 55 44
31 39 30
31 58 83
31 62 82
31 86 77
31 1 78
31 50 11
31 44 24
31 19 44
31 62 46
31 71 17
31 43 85
31 46 9
31 29 2
31 13 7
31 27 2
31 10 67
31 47 36
31 29 21
31 93 84
31 5 92
31 21 68
31 54 65
31 14 19
31 66 76
31 43 94
31 16 5
31 4 3
31 23 55
31 43 31
31 80 33
31 84 29
31 73 19
31 97 18
31 57 12
31 62 85
31 38 29
31 8 41
31 30 90
31 29 88
31 6 57
31 26 74
31 83 29
31 99 84
31 20 10
31 31 91
31 40 12
31 31 74
31 28 28
31 85 65
31 32 94
31 13 22
31 21 75
31 90 17
31 43 2
31 56 25
31 11 92
31 90 58
31 21 10
31 49 27
31 81 75
31 77 95
31 78 47
31 42 23
31 91 55
31 22 23
31 32 29
31 92 66
31 50 91
31 80 14
31 93 30
31 70 59
31 42 85
32 23 64
32 43 94
32 91 11
32 71 72
32 95 33
32 59 88
32 16 83
32 62 54
32 39 37
32 20 59
32 81 64
32 20 75
32 16 8
32 84 28
32 26 5
32 1 83
32 87 89
32 40 61
32 30 86
32 75 12
32 71 14
32 4 84
33 31 46
33 91 41
33 82 31
33 75 13
33 0 25
33 89 50
33 69 70
33 88 68
33 83 28
33 35 43
33 24 97
33 20 93
33 24 55
33 71 35
33 95 77
33 18 15
33 22 14
33 31 59
33 20 66
33 60 52
33 45 28
33 32 22
33 82 77
33 96 46
33 10 53
33 26 25
33 67 94
33 49 15
33 50 25
33 65 5
33 82 52
33 7 65
33 47 19
33 73 33
33 37 65
33 28 20
33 67 63
33 60 5
33 8 55
33 74 99
33 91 38
33 97 67
33 33 94
33 42 74
33 36 62
33 59 81
33 70 51
33 81 90
33 5 87
33 56 28
33 42 52
33 98 90
34 22 21
34 96 4
34 80 14
34 72 99
34 42 88
34 10 85
34 17 39
34 92 97
34 75 73
34 4 49
34 59 21
34 48 17
34 38 67
34 38 37
35 83 11
35 10 74
35 58 7
35 60 24
35 17 42
35 47 40
35 70 75
35 40 72
35 81 37
35 7 57
35 95 81
35 15 3
35 72 54
35 90 96
35 20 69
35 100 28
35 12 39
35 7 1
35 20 64
35 72 59
35 48 28
35 44 91
35 8 21
35 88 90
35 73 32
35 35 43
35 72 76
35 30 60
35 1 42
35 92 69
35 91 56
35 24 96
35 21 73
35 29 14
35 64 25
35 70 99
35 51 100
35 54 32
35 65 34
35 8 87
35 56 62
35 96 29
35 5 9
35 65 17
35 68 98
35 58 59
35 29 18
35 99 54
35 29 100
35 51 24
35 12 100
36 6 11
36 51 35
36 75 45
36 58 61
36 95 96
36 84 36
36 50 43
36 57 62
36 79 29
36 51 41
36 29 39
36 69 61
36 7 78
36 53 96
36 94 88
36 100 87
36 76 88
36 63 100
36 47 45
36 91 23
36 52 50
36 57 43
36 48 64
36 56 40
36 72 18
36 99 19
36 56 34
36 68 58
36 35 89
36 72 90
36 87 4
36 27 3
36 17 19
36 22 79
36 37 72
36 54 52
36 95 48
36 92 2
36 28 49
36 51 89
36 97 28
36 86 64
36 44 94
36 20 41
37 69 24
37 59 34
37 58 53
37 21 46
37 8 71
37 31 3
37 7 13
37 55 94
37 2 80
37 99 55
37 85 9
37 90 64
37 22 74
37 4 63
37 71 40
37 61 29
37 81 56
37 11 83
37 85 46
37 45 82
37 77 34
37 29 56
37 52 41
37 58 4
38 12 56
38 62 51
38 65 48
38 0 75
38 17 39
38 10 84
38 3 35
38 23 34
38 60 30
38 14 56
38 76 83
39 91 42
39 76 45
39 91 36
39 30 37
40 28 8
40 33 95
40 35 74
40 73 63
40 79 4
40 94 14
40 24 40
40 26 32
40 15 39
40 73 52
40 70 98
40 4 57
40 46 82
40 83 2
40 31 4
40 92 43
40 42 22
40 89 92
40 64 28
41 98 33
41 73 21
41 40 76
41 96 51
41 90 14
41 77 9
41 45 23
41 77 43
41 7 68
41 25 58
41 53 78
41 45 65
41 90 75
41 74 75
41 42 99
41 69 29
41 97 9
41 91 84
41 7 8
41 86 40
41 80 24
41 7 64
41 43 24
41 30 7
41 24 59
41 14 42
41 34 60
41 38 28
41 88 28
41 96 54
41 5 10
41 48 50
41 46 72
41 35 28
41 32 100
41 26 43
41 76 61
41 6 57
41 18 21
41 4 18
41 41 65
41 86 93
41 39 60
41 96 71
41 83 58
41 80 39
41 75 73
41 35 11
41 52 48
41 37 49
41 34 41
41 71 75
41 98 26
41 46 49
41 97 45
41 62 51
41 31 4
41 68 70
41 9 56
41 2 88
41 7 68
41 45 70
41 18 17
41 36 90
41 99 80
41 98 19
41 28 48
41 11 35
41 65 92
41 56 83
41 100 13
41 51 3
41 15 86
41 3 87
41 49 22
41 78 51
41 59 2
41 84 94
41 2 49
41 26 85
41 26 65
41 71 49
41 96 33
41 44 87
41 72 72
41 56 33
41 65 80
41 76 74
41 84 42
41 94 63
41 94 91
41 51 61
42 26 52
42 42 26
42 34 37
42 12 91
42 48 36
42 6 18
42 16 35
42 100 5
42 55 69
42 44 81
42 37 8
42 51 21
42 38 10
42 82 46
42 50 6
42 60 56
42 6 13
42 51 49
42 61 57
42 19 56
42 21 12
42 14 99
42 57 63
42 1 11
42 54 17
42 44 76
42 74 63
42 7 8
42 66 72
42 45 46
42 63 12
42 41 47
42 22 49
42 39 55
42 47 86
42 17 82
42 34 20
42 83 38
42 49 13
42 38 53
42 61 91
42 70 58
42 88 27
42 88 66
42 56 24
42 48 11
42 41 10
42 62 52
42 50 50
42 71 64
42 45 38
42 100 34
42 14 37
42 62 83
42 50 74
42 42 85
43 100 68
43 82 88
43 50 53
43 31 1
43 100 50
43 57 91
43 44 83
43 69 82
43 92 85
43 94 11
43 75 76
43 71 65
43 79 75
43 37 25
43 38 5
43 41 1
43 19 93
43 40 32
43 48 61
43 41 90
43 44 91
43 93 9
43 25 25
43 3 87
44 15 40
44 18 65
44 68 78
44 78 86
44 35 29
44 97 57
44 71 100
44 34 5
44 19 88
44 70 67
44 19 99
44 13 30
44 60 11
45 73 56
45 57 84
45 20 59
45 72 46
45 39 44
45 55 24
45 49 91
45 85 91
45 16 62
45 84 94
45 54 66
45 36 91
45 3 23
45 87 63
45 88 91
45 81 31
45 60 68
45 91 72
45 50 70
45 64 33
45 63 81
45 5 29
45 91 55
45 68 63
45 25 94
45 75 48
45 19 35
45 54 51
45 2 94
45 93 67
45 22 52
45 67 98
45 46 58
45 35 89
45 82 24
45 88 78
46 14 52
46 87 73
46 44 82
46 99 100
46 57 16
47 74 10
47 81 61
47 46 14
47 23 63
47 60 55
47 40 6
47 89 9
47 33 96
47 93 22
47 69 97
47 80 96
47 23 53
47 39 43
47 69 78
47 25 39
47 35 89
47 8 83
47 47 94
47 27 34
47 35 83
47 64 45
47 78 39
47 25 86
47 68 1
47 33 86
47 10 79
47 66 59
47 92 48
47 4 72
47 6 42
47 59 92
47 8 90
47 42 57
47 17 35
47 2 47
47 35 68
47 27 66
47 50 71
47 34 91
47 87 82
47 49 44
47 47 81
47 19 23
47 18 1
47 22 72
47 79 45
47 77 39
47 47 78
47 38 47
47 10 75
47 56 76
47 35 97
47 91 69
47 58 60
47 38 23
47 17 76
47 98 33
47 40 48
47 58 39
47 7 67
47 88 89
47 83 84
47 30 18
48 33 94
48 95 34
48 48 71
48 49 11
48 22 14
48 89 69
48 70 66
48 57 34
48 63 28
48 86 19
48 51 86
48 38 21
48 57 9
48 77 23
48 72 99
48 32 83
48 92 64
48 66 12
48 19 59
48 22 36
48 33 10
48 51 60
48 66 47
48 18 75
48 64 55
48 72 40
48 53 99
48 80 25
48 30 65
48 50 95
48 64 2
48 56 75
48 60 76
48 58 2
48 55 10
48 85 56
48 3 3
48 83 26
48 44 87
48 36 69
48 53 67
48 99 72
48 37 83
48 17 46
48 82 100
48 4 2
48 19 78
48 97 69
48 81 100
48 97 72
48 13 80
48 9 39
48 19 67
48 72 13
48 49 40
48 24 96
48 14 12
48 55 70
48 58 18
48 99 24
48 18 57
48 14 31
48 84 32
48 98 46
48 28 20
48 21 86
48 0 75
48 59 96
48 65 39
48 24 57
48 86 25
48 88 45
48 41 22
48 23 74
49 50 50
49 60 41
49 30 69
49 3 29
49 32 26
49 74 16
49 31 10
49 59 15
49 69 34
49 22 66
49 70 81
49 27 84
49 90 79
49 50 13
49 10 84
49 55 76
49 59 3
49 9 43
49 11 90
49 59 7
49 80 78
49 29 77
49 57 83
49 22 38
49 92 95
49 75 27
49 79 30
49 41 5
49 31 17
49 25 27
49 3 64
49 51 81
49 87 94
49 3 50
49 39 30
49 83 68
49 8 66
49 8 34
49 7 58
49 80 26
49 39 48
49 71 4
49 89 41
49 55 74
49 11 2
49 31 23
50 82 65
50 87 11
50 20 78
50 94 97
50 14 23
50 74 29
50 13 28
50 80 69
50 58 91
50 6 63
50 27 59
50 26 54
50 8 11
50 3 92
50 1 17
50 78 14
50 46 63
50 18 40
50 16 48
50 47 64
50 48 31
50 70 31
50 46 67
50 73 37
50 18 49
50 46 60
50 1 69
50 69 23
50 17 2
50 14 38
50 58 30
50 55 37
50 99 77
50 15 76
50 71 25
50 53 22
50 81 65
50 21 99
50 26 77
50 4 49
50 21 98
50 73 62
50 47 21
50 36 11
51 45 39
51 22 64
51 36 35
51 17 20
51 30 61
51 40 5
51 86 49
51 99 8
51 88 16
51 17 97
51 85 97
51 98 64
51 95 99
51 30 37
51 36 22
51 2 19
51 73 23
51 29 98
51 47 39
51 44 12
51 5 88
51 64 29
51 100 89
51 79 12
51 1 45
51 40 86
51 91 24
51 25 4
51 43 68
51 77 84
51 100 11
51 59 40
51 7 3
51 20 93
51 45 17
51 71 41
51 26 39
51 12 97
51 67 8
51 12 20
51 51 82
51 46 14
51 18 75
51 94 51
51 41 63
51 55 78
51 43 30
51 45 91
51 74 25
51 2 53
51 18 94
51 98 71
51 15 75
51 83 95
51 85 78
51 0 43
51 32 83
51 61 42
51 30 53
51 33 43
51 63 41
51 28 48
51 75 25
51 2 72
51 89 33
51 1 39
51 22 76
51 17 45
51 97 71
51 64 29
51 24 68
51 100 18
51 53 59
51 46 66
51 96 92
51 6 54
51 77 5
51 49 48
51 31 4
51 62 91
52 34 28
52 65 97
52 89 71
52 78 28
52 28 39
52 66 18
52 51 11
52 18 41
52 38 38
52 97 44
52 63 5
52 47 13
52 67 40
52 43 6
52 86 12
52 33 60
52 46 8
52 56 25
52 50 52
52 20 86
52 44 68
53 83 40
53 31 83
53 92 76
53 60 50
53 59 47
53 82 6
53 55 1
53 51 50
53 94 80
53 52 6
53 95 20
53 36 70
53 55 60
53 83 11
53 77 53
53 43 43
53 8 57
53 84 65
54 60 90
54 53 35
54 68 17
54 83 47
54 11 70
54 100 98
54 19 62
54 38 97
54 38 76
54 84 1
54 22 26
54 53 16
54 64 57
54 49 55
54 69 5
54 5 80
54 72 11
54 50 11
54 12 41
54 84 22
54 59 16
54 72 77
54 13 17
54 85 36
54 47 96
54 86 59
54 30 44
54 15 36
54 50 74
54 77 64
54 97 3
54 2 41
54 45 8
54 58 43
54 55 14
54 10 85
54 81 94
54 22 65
54 60 88
54 23 64
54 5 95
54 89 15
54 64 9
54 22 38
54 60 83
54 9 20
54 25 69
54 27 26
54 5 14
54 79 53
54 44 14
54 16 33
54 3 75
54 64 68
54 9 47
54 64 27
54 83 1
54 45 9
54 13 99
54 53 53
54 66 33
54 34 29
54 79 52
54 11 88
54 72 25
54 83 72
54 34 83
54 46 44
54 47 84
54 25 25
54 87 62
54 52 38
54 6 41
54 56 100
55 1 19
55 51 43
55 38 87
55 19 53
55 34 28
55 21 50
55 29 65
55 28 40
55 78 97
55 71 10
55 89 73
55 71 34
55 71 73
55 30 65
55 40 48
55 65 64
55 98 66
55 74 11
55 76 26
55 83 71
55 27 54
55 48 63
55 63 47
55 39 46
55 59 45
55 98 67
55 76 57
55 11 75
55 26 13
55 94 29
55 71 95
55 4 6
55 12 31
55 99 62
55 59 32
55 13 23
55 92 15
55 43 54
55 34 21
55 16 45
55 11 67
55 67 31
55 3 84
55 7 97
55 31 51
55 4 86
55 4 94
55 66 52
55 64 89
55 74 89
55 58 37
55 12 16
55 70 82
55 72 93
55 44 26
56 68 67
56 41 74
56 67 22
56 75 60
56 36 99
56 88 98
56 12 100
56 53 41
56 61 43
56 94 44
56 75 56
56 67 98
56 42 63
56 35 91
56 63 9
56 32 16
56 97 8
56 53 79
56 60 38
56 73 14
56 93 2
56 48 48
56 73 60
56 66 24
56 29 35
56 54 62
56 44 3
56 100 4
56 41 84
56 78 84
56 14 10
56 70 67
56 74 42
56 99 46
56 54 49
56 48 65
56 8 77
56 2 35
56 95 79
56 19 97
56 75 54
56 83 80
56 34 25
56 22 61
56 53 98
56 0 16
56 97 41
57 100 78
57 73 62
57 59 67
57 42 28
57 18 22
57 51 52
57 11 3
57 68 65
57 79 62
57 21 85
57 67 42
57 70 54
57 11 7
57 8 19
57 66 71
57 64 1
57 14 54
57 91 17
57 15 80
57 41 1
57 94 90
57 82 33
57 66 31
57 5 79
57 77 100
57 5 22
57 58 51
57 87 11
57 37 86
57 90 49
57 61 73
57 61 97
57 87 42
57 50 98
57 21 26
57 81 78
57 35 9
57 10 34
57 90 13
57 40 58
57 48 66
57 12 35
57 12 28
57 97 94
57 71 100
57 0 44
57 14 97
57 8 77
57 5 17
57 48 72
57 68 91
57 58 51
58 66 79
58 8 4
58 82 48
58 15 20
58 41 4
58 97 34
58 92 20
58 59 85
58 37 19
58 45 96
58 73 25
58 58 2
58 82 8
58 9 18
58 36 100
58 43 100
58 22 55
58 15 75
58 31 58
58 67 21
58 28 18
58 63 32
58 62 92
58 55 100
58 1 11
58 16 49
58 93 83
58 36 92
58 46 53
58 96 87
58 39 24
58 91 55
59 81 27
59 96 39
59 1 69
59 23 29
59 82 3
59 33 32
59 69 36
59 62 96
59 90 94
59 81 69
59 1 45
59 3 57
59 3 51
59 15 46
59 18 79
59 36 98
59 60 60
59 86 79
59 82 40
59 85 15
59 98 14
59 51 27
59 57 64
59 24 37
59 34 7
59 83 84
60 66 52
60 18 55
60 17 67
60 29 4
60 53 68
60 5 59
60 5 42
60 98 33
60 51 62
60 27 30
60 10 38
60 36 17
60 37 1
60 16 26
60 29 87
60 11 66
60 23 11
60 31 89
60 92 76
60 78 84
61 60 35
61 15 82
61 100 57
61 38 60
61 62 42
61 7 30
61 98 36
61 59 87
61 39 54
61 57 34
61 83 93
61 94 38
61 93 86
61 33 71
61 86 62
61 40 67
61 91 84
61 27 14
62 16 25
62 65 14
62 50 51
62 77 67
62 31 34
62 42 1
62 54 2
62 10 45
62 95 54
62 100 3
62 69 22
62 28 54
62 25 49
62 86 73
62 15 90
62 0 9
62 74 10
62 6 5
62 64 94
62 69 85
62 51 86
62 61 47
62 9 32
62 88 11
62 43 50
62 74 37
62 20 77
62 72 8
62 25 96
62 8 6
62 17 23
62 59 35
62 87 11
62 12 72
62 90 9
62 16 34
62 43 16
62 43 3
62 84 71
62 38 24
62 80 97
62 46 22
62 63 29
62 13 85
62 45 37
62 83 11
62 21 84
62 61 1
62 80 72
62 2 54
62 88 3
62 13 49
62 48 16
62 15 52
62 38 86
62 96 64
62 79 28
62 22 20
62 8 61
62 87 47
62 12 91
62 15 45
62 64 56
62 77 26
62 23 67
62 44 87
62 84 8
62 40 61
62 8 88
62 54 13
62 9 63
62 16 18
62 25 21
62 70 72
62 78 18
62 0 98
62 43 29
62 56 77
62 82 95
62 5 22
62 43 81
62 74 22
62 28 83
62 40 9
62 78 16
62 29 81
62 49 11
62 72 23
62 42 91
62 58 82
63 97 38
63 86 38
63 55 71
63 63 61
63 82 2
63 87 93
63 21 82
63 30 94
63 41 61
63 83 9
63 77 92
63 46 24
63 36 30
63 5 22
63 74 79
63 85 82
63 43 47
63 100 35
63 75 54
63 93 53
63 96 63
63 68 19
63 63 67
63 21 57
63 33 41
63 96 19
63 58 36
63 81 45
63 95 28
63 80 94
63 2 61
63 81 47
64 34 17
64 66 55
64 78 33
64 3 54
64 1 45
64 2 33
64 27 87
64 30 17
64 59 12
64 92 2
64 84 3
65 67 94
65 16 60
65 58 30
65 83 52
65 7 34
65 52 38
65 33 71
65 35 33
65 80 40
65 5 96
65 45 88
65 78 11
65 91 97
65 6 32
65 69 41
65 33 91
65 45 27
65 31 54
65 55 75
65 85 81
65 22 29
65 87 49
65 59 68
65 69 8
65 42 2
65 10 88
65 22 3
65 80 85
65 17 42
65 78 12
65 76 2
65 8 73
65 48 88
65 5 20
65 4 71
65 13 67
65 99 32
65 3 90
65 73 88
65 72 62
65 0 67
65 98 21
65 49 36
65 4 26
65 12 37
65 42 41
65 68 34
65 73 75
65 23 82
65 1 70
65 0 80
66 38 10
66 19 9
66 67 33
66 61 98
66 77 83
66 83 28
66 33 95
66 55 68
66 51 17
66 14 40
66 22 42
66 86 37
66 66 63
66 50 36
66 76 33
66 3 17
66 38 24
66 5 22
66 61 90
66 70 71
66 12 4
66 26 29
66 26 74
66 20 41
66 66 31
66 100 27
66 46 11
66 30 69
66 87 66
66 77 36
66 36 20
66 30 96
66 78 52
66 35 7
66 55 80
66 61 55
66 84 49
67 31 71
67 13 58
67 0 89
67 37 26
67 4 22
67 30 72
67 76 40
67 3 74
67 91 42
67 98 44
67 91 38
67 37 46
67 45 6
67 13 9
67 7 45
67 67 36
67 29 66
67 94 13
67 38 11
67 58 26
67 35 28
67 91 87
67 23 35
67 33 21
67 44 18
67 44 27
67 46 21
67 69 33
67 82 5
67 96 35
67 8 72
67 53 30
67 38 51
67 29 50
67 38 36
67 54 52
67 89 69
67 81 82
67 21 80
67 72 87
67 19 30
67 43 46
67 3 11
67 12 20
67 6 5
67 24 49
67 73 4
67 37 58
67 21 99
67 37 60
67 24 27
68 10 18
68 8 30
68 49 99
68 20 16
68 4 88
68 75 38
68 84 50
68 15 68
68 67 48
68 44 94
68 49 49
68 73 60
68 59 43
68 20 17
68 50 82
68 67 67
68 4 13
68 12 92
68 76 22
68 93 23
68 60 11
68 58 82
68 62 97
68 45 69
68 56 47
68 12 2
68 69 37
69 7 69
69 92 8
69 79 11
69 63 10
69 85 21
69 11 87
69 63 74
69 94 18
69 29 43
69 16 46
69 60 58
69 86 48
69 21 99
69 3 17
69 8 13
69 94 8
69 18 55
69 48 8
69 97 68
69 92 18
69 56 36
69 58 5
69 96 45
69 73 84
69 76 95
69 59 53
69 1 35
69 90 33
69 57 32
69 39 54
69 6 8
69 63 74
69 35 49
69 44 92
69 65 39
69 15 91
69 8 23
69 8 81
69 55 83
69 67 9
69 39 57
69 29 61
69 0 85
69 40 7
69 15 37
69 77 71
69 54 71
69 76 84
69 20 28
69 8 85
69 21 88
69 8 45
69 91 54
69 51 43
69 22 43
69 46 87
69 80 65
69 88 43
70 27 20
70 82 79
70 0 41
70 50 56
70 76 7
70 7 61
70 44 53
70 46 100
70 81 43
70 29 61
70 68 34
70 47 74
70 91 1
70 74 66
70 83 41
70 93 39
70 2 32
70 50 69
70 55 54
70 76 67
70 23 32
70 42 6
70 79 81
70 31 21
70 84 26
70 99 19
70 65 85
70 91 56
70 41 44
70 66 13
70 61 47
70 96 50
70 100 93
70 10 43
70 81 47
70 53 100
70 29 81
70 62 12
70 56 75
70 50 71
70 59 81
70 69 97
70 14 39
70 64 5
70 28 23
70 37 83
70 52 92
70 29 28
70 19 79
70 28 14
70 16 50
70 71 25
70 1 13
70 34 92
70 23 64
70 90 32
71 86 71
71 78 6
71 43 56
71 96 37
71 44 71
71 41 92
71 91 94
71 58 34
71 10 6
71 63 10
71 55 94
71 30 21
71 24 11
71 73 36
71 42 100
71 55 61
71 79 46
71 66 6
71 31 92
71 39 88
71 42 90
71 22 61
71 95 65
71 34 10
71 85 54
71 61 55
71 28 69
71 67 90
71 94 9
71 36 3
71 23 62
71 36 41
71 30 71
72 67 63
72 46 14
72 73 89
72 7 29
72 90 86
72 4 72
72 70 59
72 34 97
72 31 55
72 33 84
72 17 35
72 91 11
72 10 89
72 37 40
72 25 10
72 62 6
72 36 96
72 20 41
72 84 21
72 61 16
72 21 99
72 90 17
72 83 17
72 65 97
72 43 85
72 7 98
72 0 75
72 58 17
72 17 99
72 37 61
72 62 54
72 64 14
72 39 71
72 2 18
72 53 33
72 72 14
72 66 44
72 55 83
72 31 67
72 7 99
72 65 79
72 86 37
72 44 48
72 9 30
72 66 57
72 16 76
72 8 75
72 95 9
72 58 28
72 34 100
72 88 29
72 100 58
72 95 42
72 12 49
72 1 21
72 53 2
72 73 74
72 48 81
72 77 60
72 92 99
72 90 90
72 7 6
72 93 67
72 97 67
72 29 24
72 76 88
73 93 43
73 44 7
73 59 60
73 47 30
73 49 51
73 53 71
73 66 39
73 14 33
73 17 28
73 3 22
73 76 59
73 48 28
73 30 50
73 96 78
74 93 37
74 48 45
74 69 65
74 5 100
74 75 74
74 11 9
74 26 24
74 14 95
74 33 21
74 81 50
74 88 41
74 95 92
74 70 60
74 55 73
74 84 73
74 63 93
74 100 55
74 52 95
74 76 5
74 76 64
74 28 48
74 95 35
74 76 73
74 27 77
74 100 71
74 33 2
74 71 38
74 17 54
74 95 39
74 72 40
74 63 66
74 98 20
74 71 64
74 35 6
74 1 50
74 61 15
74 83 45
74 82 98
74 68 79
74 0 61
74 80 60
74 18 2
74 92 86
74 46 57
74 40 35
74 19 33
74 42 41
74 25 90
74 12 26
74 63 56
74 24 5
74 76 72
74 62 64
74 5 86
74 62 31
74 51 51
74 20 19
74 6 51
74 14 48
74 57 55
74 27 74
74 79 61
74 36 78
75 39 53
75 90 99
75 9 36
75 54 50
75 52 90
75 78 100
75 0 58
75 60 77
75 12 54
75 54 6
75 78 79
75 64 97
75 13 43
75 48 61
75 27 71
76 72 11
76 100 99
76 90 80
76 98 88
76 57 27
76 79 52
76 1 66
76 83 63
76 18 7
76 0 52
76 8 24
76 45 35
76 86 19
76 50 66
76 94 46
76 67 43
76 71 32
76 14 54
76 50 10
76 48 26
76 34 64
76 100 76
76 45 75
76 45 2
76 82 77
76 43 68
76 30 47
76 35 67
76 45 32
76 100 12
76 34 39
76 88 56
76 13 22
76 18 33
76 94 16
76 44 51
76 57 55
76 42 98
76 13 2
76 19 20
76 92 27
76 55 74
76 41 92
76 31 18
76 52 57
76 23 6
76 46 58
76 70 19
76 62 88
76 81 40
76 49 7
76 50 77
76 23 37
76 62 17
76 96 75
76 23 1
76 58 21
76 0 93
76 25 47
76 34 80
76 87 62
76 13 83
76 96 99
76 66 36
76 50 55
76 14 81
76 37 27
76 54 17
76 8 67
76 72 94
76 95 49
76 1 29
76 11 33
76 1 40
76 94 89
76 22 89
76 23 53
76 8 83
76 84 91
76 22 38
76 80 86
76 14 67
76 63 2
76 5 19
76 17 59
76 17 47
76 80 92
76 19 96
76 87 18
76 34 76
76 51 67
76 52 53
76 13 71
77 42 61
77 26 46
77 69 69
77 65 95
77 75 14
77 32 12
77 97 93
77 76 21
77 53 48
77 42 20
77 79 59
77 46 32
77 51 12
77 87 90
77 80 73
77 39 58
77 9 28
77 42 38
77 59 70
77 3 59
77 36 84
77 35 35
77 80 16
77 90 8
77 89 48
77 51 85
77 65 49
77 86 30
77 23 79
77 91 53
77 77 27
77 50 70
77 39 7
77 62 27
77 10 46
77 6 34
77 56 6
77 42 99
77 32 61
77 83 16
77 15 46
78 48 57
78 93 15
78 26 98
78 27 29
78 54 86
78 81 52
78 91 91
78 81 61
78 24 3
78 84 71
78 83 6
78 72 75
78 64 42
78 17 92
78 86 20
78 4 64
78 2 46
78 12 21
78 46 50
78 77 51
78 75 68
78 37 92
78 68 74
78 5 69
78 95 52
78 72 20
78 89 99
78 72 7
78 38 21
78 59 54
78 53 85
78 29 64
78 16 18
78 81 83
78 31 5
78 29 58
78 44 20
78 21 31
78 52 71
78 38 83
78 94 57
78 3 3
78 90 84
78 98 96
78 42 84
78 54 20
78 20 11
78 68 14
78 22 8
78 38 50
78 65 14
78 49 84
78 23 87
78 89 45
78 50 40
78 15 85
78 54 48
78 55 29
78 40 4
78 59 39
78 44 8
78 19 60
78 34 2
78 71 67
78 16 15
78 41 8
78 22 23
78 25 85
78 60 29
78 93 59
78 55 6
78 65 39
78 82 10
78 44 44
78 84 54
78 85 93
78 60 52
78 75 95
78 78 57
78 9 7
78 80 94
78 44 46
78 98 53
78 88 42
78 73 3
78 72 44
78 30 20
78 68 79
78 19 34
79 42 26
79 17 2
79 76 6
79 6 80
79 91 41
79 10 73
80 28 21
80 85 4
80 90 34
80 4 47
80 21 15
80 41 21
80 84 24
80 44 92
80 0 55
80 92 64
80 36 48
80 65 73
80 28 62
81 84 5
81 69 37
81 60 75
81 30 3
81 29 86
81 32 3
82 61 93
82 63 30
82 67 35
82 83 17
82 81 33
82 84 22
82 78 41
82 13 51
82 39 66
82 53 88
82 74 3
82 88 2
82 82 89
82 35 95
82 28 33
82 27 30
83 22 54
83 63 77
83 28 75
83 86 21
83 8 50
83 56 47
83 54 33
83 36 97
83 66 8
83 72 98
83 68 64
83 100 86
83 85 21
83 16 65
83 17 17
83 41 13
83 55 51
83 58 66
83 70 2
83 2 14
83 59 55
83 27 63
83 40 37
83 29 41
83 50 89
83 39 95
83 66 43
83 8 81
83 27 41
83 62 6
83 36 41
83 45 78
83 13 79
83 52 27
83 61 21
83 49 52
83 16 28
83 51 43
83 1 99
83 39 72
83 7 6
83 100 1
83 87 56
83 65 46
83 52 27
83 84 71
83 7 82
83 27 23
83 14 31
83 80 31
83 72 6
83 91 20
83 28 45
83 40 37
83 1 56
83 86 28
83 48 64
83 38 16
83 14 5
83 90 3
83 44 81
83 48 95
83 7 10
83 97 99
83 66 84
83 36 3
83 80 1
83 1 25
83 54 94
83 13 34
83 99 89
83 89 15
83 26 77
83 11 52
83 31 3
83 34 2
83 98 75
83 62 18
83 50 77
83 27 60
83 10 46
83 48 33
83 20 14
83 24 63
83 89 14
83 41 44
83 79 89
83 57 87
83 88 98
83 40 57
83 70 82
83 22 5
83 39 23
84 62 82
84 25 75
84 70 53
84 37 55
84 20 67
84 43 78
84 75 63
84 48 70
84 55 90
84 72 67
84 2 44
84 100 56
84 83 9
84 4 98
84 14 13
84 90 96
84 72 100
84 50 29
84 98 80
84 52 12
84 50 21
84 37 42
84 30 96
84 81 50
84 69 8
84 93 78
84 39 85
84 94 20
84 51 2
84 24 4
84 98 59
84 44 24
84 81 6
84 0 69
84 36 25
84 80 64
84 83 75
84 40 64
84 66 41
84 76 80
84 56 98
84 87 81
84 9 91
84 14 98
84 43 68
84 93 4
84 44 84
84 12 63
84 55 12
84 51 54
84 42 69
84 61 58
84 73 86
84 91 15
84 62 75
84 29 37
84 51 22
84 93 47
84 63 90
84 59 99
84 14 12
84 62 55
84 70 75
84 64 11
84 69 21
84 32 52
84 57 59
84 65 8
84 84 90
84 2 80
84 13 97
84 38 85
84 49 31
84 37 17
85 10 47
85 7 81
85 86 36
85 99 17
85 58 73
85 43 53
85 34 75
85 68 38
85 78 27
85 44 93
85 21 36
85 3 75
85 81 32
85 67 1
85 58 54
85 61 15
85 90 99
85 19 29
85 48 50
85 33 58
85 95 80
85 36 6
85 61 51
85 73 54
85 42 71
85 29 94
85 45 67
85 59 41
85 44 7
85 18 15
85 83 74
85 26 80
85 79 33
85 100 2
85 56 68
85 9 74
85 33 9
85 48 69
85 45 71
85 100 43
85 23 61
85 46 1
85 73 37
85 77 61
85 79 37
85 36 84
85 44 97
85 87 24
85 51 48
85 46 97
85 38 37
85 34 90
85 7 45

