10 44
0 20 81
0 51 77
0 16 84
0 99 49
0 56 64
0 81 79
0 44 39
0 68 27
0 92 37
0 48 43
0 51 77
0 92 88
0 68 79
0 79 8
0 64 63
0 41 78
0 68 98
0 98 27
0 51 71
0 86 50
0 38 39
0 53 31
0 27 89
0 79 59
0 40 3
0 34 50
0 56 76
0 50 92
0 87 76
0 20 30
0 37 22
0 69 99
0 31 57
0 96 10
0 77 64
0 74 2
0 54 71
1 47 13
1 85 55
1 96 44
1 90 20
1 59 98
1 64 49
1 58 98
1 35 14
1 87 76
1 5 47
1 34 6
1 81 39
1 65 76
1 0 98
1 30 79
1 44 2
1 88 47
1 59 9
1 66 85
1 45 46
1 92 23
1 30 85
1 8 25
1 74 74
1 98 43
1 50 60
1 42 69
1 72 16
1 22 51
1 2 72
1 30 4
1 5 49
2 97 1
2 46 36
2 37 8
2 33 23
2 71 41
2 48 56
2 61 53
3 66 72
3 39 17
3 34 41
3 74 51
3 53 25
3 4 59
3 69 33
3 12 90
3 45 10
3 63 40
3 18 78
3 93 89
3 1 29
3 84 65
3 18 88
3 45 76
3 30 83
3 76 24
3 42 14
3 75 20
3 70 45
4 24 90
4 19 58
4 65 24
4 15 32
4 42 15
4 46 32
4 19 91
4 97 2
4 36 49
4 86 68
4 40 60
4 7 88
4 23 16
4 20 94
4 80 11
4 41 55
4 60 9
4 9 21
4 45 62
4 43 74
4 0 85
4 45 17
4 33 4
4 91 78
4 81 89
4 25 90
4 53 37
4 69 11
5 47 54
5 68 64
5 79 51
5 38 76
5 35 11
5 39 67
5 36 77
5 75 31
5 35 67
5 8 16
5 75 27
5 52 73
6 36 92
6 81 93
6 70 56
6 14 20
6 84 8
6 25 89
6 22 37
6 49 77
6 27 82
6 23 33
6 7 67
6 12 86
6 26 74
6 55 94
6 23 97
6 88 29
6 53 81
6 50 29
6 80 39
6 19 42
6 89 80
6 30 71
6 44 1
6 34 48
6 4 9
6 46 90
6 23 20
6 7 58
6 79 74
7 77 36
7 77 2
7 0 67
7 54 69
7 8 89
7 41 70
7 89 55
7 4 32
7 11 45
7 76 81
7 93 40
7 92 75
7 40 24
7 33 58
7 30 12
7 82 73
7 79 41
7 92 64
7 36 64
7 71 72
7 52 23
7 24 11
7 88 56
7 18 79
7 58 87
7 74 32
7 48 5
7 68 76
7 47 100
7 17 70
7 16 23
7 17 83
7 3 51
7 28 91
7 94 74
7 13 36
8 80 96
8 41 42
8 37 43
8 11 99
8 76 30
8 52 48
9 99 39
9 27 52
9 13 54
9 25 43
9 16 87
9 31 77
9 47 22
9 67 9
9 60 39
9 19 70
9 5 91

